0
0
0
0
0
0
0
0
0
0
0
0
0
0
0
0
0
0
0
0
0
0
0
0
0
0
0
0
0
0
0
0
0
0
0
0
0
0
0
0
0
0
0
0
0
0
0
0
0
0
0
0
0
0
0
0
0
0
0
0
0
0
0
0
0
0
0
0
0
0
0
0
0
0
0
0
0
0
0
0
0
0
0
0
0
0
0
0
0
0
0
0
0
0
0
0
0
0
0
0
0
0
0
0
0
0
0
0
0
0
0
0
0
0
0
0
0
0
0
0
0
0
0
0
0
0
0
0
0
0
0
0
0
0
0
0
0
0
0
0
0
0
0
0
0
0
0
0
0
0
0
0
0
0
0
0
0
0
0
0
0
0
0
0
0
0
0
0
0
0
0
0
0
0
0
0
0
0
0
0
0
0
0
0
0
0
0
0
0
0
0
0
0
0
0
0
0
0
0
0
0
0
0
0
0
0
0
0
0
0
0
0
0
0
0
0
0
0
0
0
0
0
0
0
0
0
0
0
0
0
0
0
0
0
0
0
0
0
0
0
0
0
0
0
0
0
0
0
0
0
0
0
0
0
0
0
0
0
0
0
0
0
0
0
0
0
0
0
0
0
0
0
0
0
0
0
0
0
0
0
0
0
0
0
0
0
0
0
0
0
0
0
0
0
0
0
0
0
0
0
0
0
0
0
0
0
0
0
0
0
0
0
0
0
0
0
0
0
0
0
0
0
0
0
0
0
0
0
0
0
0
0
0
0
0
0
0
0
0
0
0
0
0
0
0
0
0
0
0
0
0
0
0
0
0
0
0
0
0
0
0
0
0
0
0
0
0
0
0
0
0
0
0
0
0
0
0
0
0
0
0
0
0
0
0
0
0
0
0
0
0
0
0
0
0
0
0
0
0
0
0
0
0
0
0
0
0
0
0
0
0
0
0
0
0
0
0
0
0
0
0
0
0
0
0
0
0
0
0
0
0
0
0
0
0
0
0
0
0
0
0
0
0
0
0
0
0
0
0
0
0
0
0
0
0
0
0
0
0
0
0
0
0
0
0
0
0
0
0
0
0
0
0
0
0
0
0
0
0
0
0
0
0
0
0
0
0
0
0
0
0
0
0
0
0
0
0
0
0
0
0
0
0
0
0
0
0
0
0
0
0
0
0
0
0
0
0
0
0
0
0
0
0
0
0
0
0
0
0
0
0
0
0
0
0
0
0
0
0
0
0
0
0
0
0
0
0
0
0
0
0
0
0
0
0
0
0
0
0
0
0
0
0
0
0
0
0
0
0
0
0
0
0
0
0
0
0
0
0
0
0
0
0
0
0
0
0
0
0
0
0
0
0
0
0
0
0
0
0
0
0
0
0
0
0
0
0
0
0
0
0
0
0
0
0
0
0
0
0
0
0
0
0
0
0
0
0
0
0
0
0
0
0
0
0
0
0
0
0
0
0
0
0
0
0
0
0
0
0
0
0
0
0
0
0
0
0
0
0
0
0
0
0
0
0
0
0
0
0
0
0
0
0
0
0
0
0
0
0
0
0
0
0
0
0
0
0
0
0
0
0
0
0
0
0
0
0
0
0
0
0
0
0
0
0
0
0
0
0
0
0
0
0
0
0
0
0
0
0
0
0
0
0
0
0
0
0
0
0
0
0
0
0
0
0
0
0
0
0
0
0
0
0
0
0
0
0
0
0
0
0
0
0
0
0
0
0
0
0
0
0
0
0
0
0
0
0
0
0
0
0
0
0
0
0
0
0
0
0
0
0
0
0
0
0
0
0
0
0
0
0
0
0
0
0
0
0
0
0
0
0
0
0
0
0
0
0
0
0
0
0
0
0
0
0
0
0
0
0
0
0
0
0
0
0
0
0
0
0
0
0
0
0
0
0
0
0
0
0
0
0
0
0
0
0
0
0
0
0
0
0
0
0
0
0
0
0
0
0
0
0
0
0
0
0
0
0
0
0
0
0
0
0
0
0
0
0
0
0
0
0
0
0
0
0
0
0
0
0
0
0
0
0
0
0
0
0
0
0
0
0
0
0
0
0
0
0
0
0
0
0
0
0
0
0
0
0
0
0
0
0
0
0
0
0
0
0
0
0
0
0
0
0
0
0
0
0
0
0
0
0
0
0
0
0
0
0
0
0
0
0
0
0
0
0
0
0
0
0
0
0
0
0
0
0
0
0
0
0
0
0
0
0
0
0
0
0
0
0
0
0
0
0
0
0
0
0
0
0
0
0
0
0
0
0
0
0
0
0
0
0
0
0
0
0
0
0
0
0
0
0
0
0
0
0
0
0
0
0
0
-1.334931586e-007
-2.121830734e-006
-1.06709181e-005
-3.350248329e-005
-8.125153022e-005
-0.0001673652313
-0.0003080032517
-0.0005219394959
-0.000830465271
-0.001257293855
-0.001828466468
-0.002572259625
-0.003519093887
-0.004701443971
-0.006153750234
-0.00791233152
-0.01001529935
-0.01250247344
-0.0154152986
-0.01879676293
-0.02269131727
-0.02714479612
-0.03220433968
-0.03791831733
-0.04433625229
-0.05150874762
-0.05948741349
-0.06832479566
-0.07807430525
-0.0887901498
-0.1005272654
-0.1133412504
-0.1272882999
-0.1424251415
-0.158808973
-0.1764974
-0.1955483761
-0.2160201429
-0.2379711724
-0.2614601098
-0.2865457176
-0.313286821
-0.3417422544
-0.3719708089
-0.4040311813
-0.4379819235
-0.4738813937
-0.5117877085
-0.5517586957
-0.5938518491
-0.6381242831
-0.6846326898
-0.7334332956
-0.7845818203
-0.8381334365
-0.8941427299
-0.9526636612
-1.013749528
-1.07745293
-1.143825732
-1.212919029
-1.284783115
-1.359467449
-1.437020625
-1.517490339
-1.60092336
-1.687365506
-1.776861609
-1.869455493
-1.965189947
-2.064106701
-2.1662464
-2.271648583
-2.380351658
-2.492392886
-2.607808354
-2.726632959
-2.848900391
-2.974643109
-3.103892331
-3.236678014
-3.373028839
-3.512972195
-3.65653417
-3.803739532
-3.954611723
-4.109172841
-4.267443635
-4.429443492
-4.59519043
-4.764701086
-4.937990715
-5.115073175
-5.295960928
-5.480665029
-5.669195126
-5.861559453
-6.057764829
-6.257816651
-6.461718897
-6.669474124
-6.881083464
-7.096546627
-7.315861901
-7.539026155
-7.766034836
-7.996881978
-8.2315602
-8.470060714
-8.712373325
-8.95848644
-9.208387071
-9.462060844
-9.719492001
-9.980663413
-10.24555658
-10.51415166
-10.78642743
-11.06236136
-11.34192958
-11.6251069
-11.91186682
-12.20218154
-12.49602198
-12.7933578
-13.09415738
-13.39838786
-13.70601516
-14.01700397
-14.33131778
-14.6489189
-14.96976844
-15.29382639
-15.62105158
-15.95140171
-16.28483339
-16.62130214
-16.96076239
-17.30316753
-17.64846993
-17.99662091
-18.34757083
-18.70126906
-19.057664
-19.41670313
-19.77833301
-20.14249931
-20.50914681
-20.87821946
-21.24966036
-21.62341181
-21.99941533
-22.37761167
-22.75794084
-23.14034212
-23.52475411
-23.91111474
-24.29936128
-24.68943039
-25.08125811
-25.47477991
-25.86993074
-26.26664497
-26.66485651
-27.06449876
-27.46550471
-27.86780687
-28.2713374
-28.67602803
-29.08181019
-29.48861495
-29.89637308
-30.30501511
-30.71447128
-31.12467163
-31.53554599
-31.94702405
-32.35903531
-32.77150919
-33.184375
-33.59756199
-34.01099936
-34.42461631
-34.83834205
-35.25210582
-35.66583694
-36.07946481
-36.49291894
-36.90612901
-37.31902484
-37.73153647
-38.14359415
-38.55512836
-38.9660699
-39.37634981
-39.78589951
-40.19465072
-40.60253558
-41.0094866
-41.41543673
-41.82031936
-42.22406836
-42.6266181
-43.02790349
-43.42785995
-43.82642352
-44.2235308
-44.61911903
-45.01312608
-45.40549051
-45.79615154
-46.18504914
-46.57212399
-46.95731753
-47.34057199
-47.7218304
-48.10103661
-48.47813533
-48.85307212
-49.22579343
-49.59624663
-49.96438001
-50.33014281
-50.69348524
-51.05435848
-51.41271475
-51.76850726
-52.12169029
-52.47221915
-52.82005027
-53.16514113
-53.50745036
-53.84693768
-54.18356399
-54.51729133
-54.84808292
-55.17590316
-55.50071766
-55.82249325
-56.14119799
-56.45680117
-56.76927334
-57.07858634
-57.38471325
-57.68762846
-57.98730767
-58.28372787
-58.57686737
-58.86670583
-59.15322421
-59.43640484
-59.7162314
-59.99268891
-60.26576378
-60.53544375
-60.80171797
-61.06457696
-61.32401261
-61.5800182
-61.83258841
-62.08171928
-62.32740827
-62.56965422
-62.80845736
-63.04381931
-63.27574308
-63.50423307
-63.72929505
-63.9509362
-64.16916504
-64.38399149
-64.59542682
-64.80348367
-65.00817603
-65.20951923
-65.40752995
-65.60222618
-65.79362724
-65.98175375
-66.16662763
-66.34827209
-66.52671158
-66.70197185
-66.87407986
-67.0430638
-67.20895308
-67.37177829
-67.5315712
-67.68836474
-67.84219297
-67.99309107
-68.14109529
-68.28624299
-68.42857255
-68.56812338
-68.7049359
-68.83905148
-68.97051245
-69.09936205
-69.22564443
-69.34940458
-69.47068831
-69.58954226
-69.70601379
-69.82015104
-69.9320028
-70.04161855
-70.14904839
-70.25434299
-70.35755359
-70.45873193
-70.5579302
-70.65520105
-70.75059749
-70.84417286
-70.93598082
-71.02607526
-71.11451028
-71.20134013
-71.28661917
-71.37040179
-71.45274242
-71.5336954
-71.613315
-71.6916553
-71.76877019
-71.84471328
-71.91953783
-71.99329673
-72.06604243
-72.13782683
-72.20870129
-72.27871651
-72.34792248
-72.41636844
-72.48410277
-72.55117293
-72.61762544
-72.68350572
-72.7488581
-72.8137257
-72.87815035
-72.94217254
-73.00583135
-73.06916432
-73.13220741
-73.19499491
-73.25755936
-73.31993145
-73.38213994
-73.4442116
-73.50617108
-73.56804083
-73.62984103
-73.69158948
-73.7533015
-73.81498986
-73.87666465
-73.93833321
-74
-74.06166666
-74.12333318
-74.18499921
-74.24666418
-74.3083273
-74.36998756
-74.43164374
-74.49329442
-74.554938
-74.61657265
-74.6781964
-74.73980707
-74.80140231
-74.86297961
-74.92453629
-74.98606951
-75.04757627
-75.10905344
-75.17049772
-75.2319057
-75.29327382
-75.35459839
-75.41587559
-75.4771015
-75.53827208
-75.59938315
-75.66043046
-75.72140966
-75.78231626
-75.84314573
-75.90389342
-75.96455459
-76.02512446
-76.08559812
-76.14597064
-76.20623697
-76.26639205
-76.32643072
-76.38634778
-76.44613797
-76.505796
-76.5653165
-76.62469409
-76.68392335
-76.7429988
-76.80191495
-76.86066629
-76.91924726
-76.9776523
-77.03587582
-77.09391222
-77.15175589
-77.20940121
-77.26684256
-77.3240743
-77.38109081
-77.43788647
-77.49445565
-77.55079275
-77.60689217
-77.66274833
-77.71835565
-77.77370859
-77.82880163
-77.88362927
-77.93818602
-77.99246645
-78.04646514
-78.10017671
-78.15359582
-78.20671716
-78.25953547
-78.31204551
-78.36424213
-78.41612017
-78.46767456
-78.51890027
-78.5697923
-78.62034575
-78.67055573
-78.72041743
-78.76992609
-78.81907703
-78.8678656
-78.91628725
-78.96433746
-79.01201182
-79.05930594
-79.10621553
-79.15273637
-79.1988643
-79.24459525
-79.28992521
-79.33485024
-79.37936652
-79.42347025
-79.46715775
-79.5104254
-79.55326968
-79.59568714
-79.63767441
-79.67922821
-79.72034536
-79.76102274
-79.80125732
-79.84104619
-79.88038648
-79.91927545
-79.95771043
-79.99568883
-80.03320819
-80.07026609
-80.10686024
-80.14298843
-80.17864853
-80.21383854
-80.24855651
-80.2828006
-80.31656908
-80.3498603
-80.3826727
-80.41500482
-80.4468553
-80.47822288
-80.50910637
-80.5395047
-80.56941689
-80.59884205
-80.62777939
-80.65622822
-80.68418793
-80.71165802
-80.73863807
-80.76512779
-80.79112693
-80.81663539
-80.84165313
-80.86618022
-80.8902168
-80.91376315
-80.93681959
-80.95938657
-80.98146462
-81.00305436
-81.02415651
-81.04477187
-81.06490135
-81.08454593
-81.10370668
-81.12238478
-81.14058149
-81.15829815
-81.17553618
-81.19229712
-81.20858256
-81.2243942
-81.23973381
-81.25460327
-81.2690045
-81.28293955
-81.29641051
-81.30941959
-81.32196906
-81.33406125
-81.34569862
-81.35688366
-81.36761897
-81.3779072
-81.38775109
-81.39715346
-81.4061172
-81.41464525
-81.42274065
-81.43040651
-81.43764599
-81.44446233
-81.45085884
-81.45683889
-81.46240592
-81.46756344
-81.47231501
-81.47666426
-81.48061489
-81.48417063
-81.48733531
-81.49011278
-81.49250698
-81.49452187
-81.4961615
-81.49742995
-81.49833136
-81.49886992
-81.49904986
-81.49887548
-81.49835111
-81.49748112
-81.49626994
-81.49472204
-81.49284193
-81.49063415
-81.48810331
-81.48525401
-81.48209094
-81.47861878
-81.47484228
-81.4707662
-81.46639534
-81.46173452
-81.45678861
-81.4515625
-81.44606109
-81.44028932
-81.43425215
-81.42795457
-81.42140158
-81.4145982
-81.40754947
-81.40026046
-81.39273623
-81.38498188
-81.37700251
-81.36880322
-81.36038915
-81.35176542
-81.34293716
-81.33390954
-81.32468769
-81.31527677
-81.30568193
-81.29590833
-81.28596113
-81.27584546
-81.2655665
-81.25512937
-81.24453921
-81.23380116
-81.22292035
-81.21190187
-81.20075083
-81.18947232
-81.17807141
-81.16655315
-81.1549226
-81.14318477
-81.13134467
-81.11940728
-81.10737756
-81.09526045
-81.08306086
-81.07078369
-81.05843379
-81.046016
-81.03353512
-81.02099593
-81.00840316
-80.99576153
-80.98307571
-80.97035034
-80.95759002
-80.94479932
-80.93198276
-80.91914484
-80.90628999
-80.89342261
-80.88054708
-80.8676677
-80.85478875
-80.84191444
-80.82904896
-80.81619642
-80.80336092
-80.79054647
-80.77775706
-80.76499659
-80.75226895
-80.73957796
-80.72692735
-80.71432085
-80.7017621
-80.68925469
-80.67680214
-80.66440792
-80.65207544
-80.63980806
-80.62760905
-80.61548163
-80.60342898
-80.59145417
-80.57956023
-80.56775014
-80.55602679
-80.544393
-80.53285154
-80.5214051
-80.5100563
-80.49880771
-80.48766179
-80.47662097
-80.46568759
-80.45486392
-80.44415216
-80.43355444
-80.4230728
-80.41270923
-80.40246564
-80.39234386
-80.38234564
-80.37247267
-80.36272657
-80.35310885
-80.34362099
-80.33426437
-80.3250403
-80.31595
-80.30699463
-80.29817528
-80.28949295
-80.28094856
-80.27254298
-80.26427699
-80.25615127
-80.24816646
-80.24032311
-80.2326217
-80.22506262
-80.2176462
-80.2103727
-80.20324228
-80.19625506
-80.18941106
-80.18271024
-80.17615248
-80.16973759
-80.16346532
-80.15733532
-80.1513472
-80.14550048
-80.13979463
-80.13422902
-80.12880299
-80.12351578
-80.11836657
-80.1133545
-80.10847861
-80.1037379
-80.0991313
-80.09465766
-80.0903158
-80.08610446
-80.08202232
-80.07806801
-80.0742401
-80.07053711
-80.06695749
-80.06349965
-80.06016195
-80.05694268
-80.05384011
-80.05085244
-80.04797782
-80.04521438
-80.04256019
-80.04001327
-80.03757162
-80.03523319
-80.03299589
-80.03085761
-80.02881618
-80.02686944
-80.02501515
-80.02325108
-80.02157497
-80.01998452
-80.01847742
-80.01705135
-80.01570395
-80.01443286
-80.0132357
-80.01211009
-80.01105364
-80.01006395
-80.00913861
-80.00827522
-80.00747138
-80.00672469
-80.00603277
-80.00539323
-80.00480371
-80.00426186
-80.00376534
-80.00331184
-80.00289908
-80.00252479
-80.00218674
-80.00188274
-80.00161061
-80.00136826
-80.00115358
-80.00096456
-80.0007992
-80.00065558
-80.00053183
-80.00042613
-80.00033673
-80.00026195
-80.00020017
-80.00014986
-80.00010956
-80.0000779
-80.00005358
-80.00003539
-80.00002225
-80.00001313
-80.00000714
-80.00000347
-80.00000143
-80.00000046
-80.00000009
-80.00000001
-80
-80.00000002
-80.00000029
-80.00000145
-80.00000455
-80.00001103
-80.00002272
-80.00004183
-80.0000709
-80.00011283
-80.00017086
-80.00024853
-80.0003497
-80.00047852
-80.00063943
-80.00083712
-80.00107657
-80.00136299
-80.00170182
-80.00209873
-80.00255962
-80.00309058
-80.00369789
-80.00438802
-80.00516761
-80.00604345
-80.00702251
-80.00811188
-80.00931877
-80.01065056
-80.01211469
-80.01371873
-80.01547035
-80.0173773
-80.0194474
-80.02168854
-80.02410868
-80.02671583
-80.02951802
-80.03252336
-80.03573995
-80.03917591
-80.0428394
-80.04673856
-80.05088154
-80.05527646
-80.05993146
-80.06485461
-80.07005399
-80.07553761
-80.08131346
-80.08738947
-80.0937735
-80.10047337
-80.10749682
-80.11485152
-80.12254503
-80.13058488
-80.13897845
-80.14773307
-80.15685593
-80.16635413
-80.17623466
-80.1865044
-80.19717008
-80.20823832
-80.21971562
-80.23160832
-80.24392264
-80.25666464
-80.26984025
-80.28345523
-80.2975152
-80.3120256
-80.32699173
-80.34241872
-80.3583115
-80.37467486
-80.39151341
-80.40883157
-80.42663357
-80.44492349
-80.46370517
-80.48298232
-80.5027584
-80.52303671
-80.54382035
-80.56511221
-80.58691498
-80.60923115
-80.632063
-80.65541261
-80.67928185
-80.70367237
-80.72858562
-80.75402284
-80.77998503
-80.806473
-80.83348733
-80.8610284
-80.88909635
-80.91769111
-80.94681239
-80.97645967
-81.00663223
-81.0373291
-81.06854912
-81.10029087
-81.13255274
-81.16533288
-81.19862923
-81.23243948
-81.26676114
-81.30159145
-81.33692746
-81.372766
-81.40910366
-81.44593681
-81.48326161
-81.521074
-81.5593697
-81.59814421
-81.6373928
-81.67711056
-81.71729232
-81.75793272
-81.7990262
-81.84056696
-81.882549
-81.92496612
-81.96781191
-82.01107974
-82.05476279
-82.09885402
-82.14334622
-82.18823196
-82.2335036
-82.27915332
-82.32517312
-82.37155477
-82.41828989
-82.4653699
-82.51278601
-82.56052927
-82.60859056
-82.65696055
-82.70562976
-82.75458852
-82.80382699
-82.85333518
-82.90310291
-82.95311984
-83.00337548
-83.05385918
-83.10456012
-83.15546734
-83.20656972
-83.25785602
-83.30931481
-83.36093456
-83.41270357
-83.46461004
-83.516642
-83.56878738
-83.62103397
-83.67336943
-83.72578132
-83.77825707
-83.830784
-83.88334932
-83.93594014
-83.98854345
-84.04114616
-84.09373508
-84.1462969
-84.19881827
-84.25128571
-84.30368568
-84.35600455
-84.40822863
-84.46034415
-84.51233726
-84.56419407
-84.6159006
-84.66744285
-84.71880673
-84.76997812
-84.82094286
-84.87168672
-84.92219547
-84.97245482
-85.02245044
-85.07216801
-85.12159315
-85.17071148
-85.2195086
-85.2679701
-85.31608155
-85.36382854
-85.41119663
-85.45817142
-85.50473848
-85.55088342
-85.59659184
-85.64184939
-85.68664171
-85.73095449
-85.77477344
-85.81808431
-85.86087289
-85.903125
-85.94482652
-85.98596338
-86.02652154
-86.06648705
-86.10584601
-86.14458458
-86.18268898
-86.22014553
-86.2569406
-86.29306065
-86.32849224
-86.36322199
-86.39723663
-86.43052297
-86.46306794
-86.49485857
-86.52588196
-86.55612537
-86.58557615
-86.61422176
-86.64204979
-86.66904795
-86.69520409
-86.72050617
-86.74494231
-86.76850075
-86.79116986
-86.8129382
-86.83379442
-86.85372737
-86.87272603
-86.89077954
-86.9078772
-86.92400849
-86.93916305
-86.95333067
-86.96650135
-86.97866523
-86.98981267
-86.99993417
-87.00902045
-87.0170624
-87.02405111
-87.02997786
-87.03483413
-87.0386116
-87.04130215
-87.04289786
-87.04339103
-87.04277416
-87.04103997
-87.0381814
-87.03419158
-87.0290639
-87.02279194
-87.01536952
-87.00679068
-86.99704969
-86.98614105
-86.97405951
-86.96080002
-86.9463578
-86.93072829
-86.91390717
-86.89589037
-86.87667407
-86.85625467
-86.83462884
-86.81179348
-86.78774577
-86.76248311
-86.73600315
-86.70830383
-86.67938331
-86.64924001
-86.61787262
-86.58528007
-86.55146158
-86.51641658
-86.48014481
-86.44264624
-86.4039211
-86.3639699
-86.3227934
-86.28039262
-86.23676885
-86.19192363
-86.14585878
-86.09857638
-86.05007875
-86.00036849
-85.94944847
-85.89732181
-85.84399189
-85.78946235
-85.7337371
-85.67682031
-85.61871639
-85.55943002
-85.49896615
-85.43732996
-85.37452691
-85.31056269
-85.24544325
-85.1791748
-85.1117638
-85.04321694
-84.97354117
-84.90274368
-84.83083189
-84.75781349
-84.68369639
-84.60848872
-84.53219886
-84.45483543
-84.37640727
-84.29692344
-84.21639321
-84.13482612
-84.05223186
-83.96862039
-83.88400185
-83.79838661
-83.71178521
-83.62420842
-83.5356672
-83.4461727
-83.35573626
-83.26436941
-83.17208386
-83.07889149
-82.98480435
-82.88983467
-82.79399485
-82.69729743
-82.59975511
-82.50138075
-82.40218734
-82.30218801
-82.20139603
-82.09982481
-81.99748786
-81.89439881
-81.79057141
-81.68601952
-81.58075709
-81.47479816
-81.36815686
-81.2608474
-81.15288406
-81.0442812
-80.93505323
-80.82521461
-80.71477984
-80.60376347
-80.49218008
-80.38004426
-80.26737064
-80.15417384
-80.04046847
-79.92626915
-79.81159047
-79.69644701
-79.5808533
-79.46482383
-79.34837305
-79.23151534
-79.114265
-78.99663627
-78.87864329
-78.76030009
-78.64162063
-78.52261871
-78.40330802
-78.28370211
-78.16381438
-78.04365808
-77.92324626
-77.80259182
-77.68170746
-77.56060566
-77.4392987
-77.31779863
-77.19611727
-77.07426617
-76.95225663
-76.83009968
-76.70780605
-76.58538617
-76.46285018
-76.34020788
-76.21746872
-76.09464181
-75.9717359
-75.84875935
-75.72572014
-75.60262583
-75.47948357
-75.35630007
-75.2330816
-75.10983395
-74.98656245
-74.86327192
-74.73996667
-74.61665051
-74.49332668
-74.36999788
-74.24666625
-74.12333331
-74
-73.87666645
-73.75332993
-73.62998286
-73.50661286
-73.38320285
-73.25973125
-73.13617213
-73.01249537
-72.88866682
-72.76464846
-72.64039853
-72.51587173
-72.3910193
-72.26578922
-72.14012635
-72.01397252
-71.88726675
-71.75994531
-71.6319419
-71.50318777
-71.37361186
-71.24314092
-71.11169963
-70.97921072
-70.84559514
-70.7107721
-70.57465925
-70.4371728
-70.29822757
-70.15773717
-70.01561407
-69.87176973
-69.72611469
-69.57855867
-69.4290107
-69.2773792
-69.12357206
-68.96749678
-68.80906051
-68.64817021
-68.48473266
-68.31865462
-68.14984287
-67.97820432
-67.80364609
-67.62607556
-67.4454005
-67.26152911
-67.07437011
-66.88383281
-66.68982717
-66.49226391
-66.29105452
-66.08611139
-65.87734783
-65.66467813
-65.44801767
-65.22728292
-65.00239155
-64.77326246
-64.53981582
-64.30197318
-64.05965743
-63.81279297
-63.56130565
-63.30512286
-63.04417362
-62.77838852
-62.50769988
-62.23204171
-61.95134976
-61.6655616
-61.37461662
-61.07845607
-60.7770231
-60.47026281
-60.15812222
-59.84055039
-59.51749837
-59.18891927
-58.85476825
-58.5150026
-58.16958171
-57.81846711
-57.4616225
-57.09901374
-56.73060892
-56.35637831
-55.97629443
-55.59033203
-55.19846813
-54.80068201
-54.39695521
-53.98727158
-53.57161725
-53.14998067
-52.72235256
-52.28872597
-51.84909628
-51.40346117
-50.95182062
-50.49417695
-50.03053479
-49.56090108
-49.08528508
-48.60369834
-48.11615473
-47.6226704
-47.12326379
-46.61795563
-46.10676891
-45.58972888
-45.06686304
-44.53820114
-44.00377514
-43.46361921
-42.91776974
-42.36626526
-41.8091465
-41.24645633
-40.67823974
-40.10454383
-39.52541781
-38.94091293
-38.35108252
-37.75598192
-37.15566848
-36.55020153
-35.93964237
-35.3240542
-34.70350217
-34.07805328
-33.4477764
-32.81274222
-32.17302322
-31.52869368
-30.87982958
-30.22650863
-29.56881024
-28.90681544
-28.24060688
-27.5702688
-26.89588701
-26.2175488
-25.53534298
-24.8493598
-24.15969091
-23.46642937
-22.76966956
-22.06950718
-21.3660392
-20.65936382
-19.94958046
-19.23678966
-18.52109312
-17.8025936
-17.08139492
-16.35760191
-15.63132033
-14.90265691
-14.17171923
-13.43861576
-12.70345572
-11.96634914
-11.22740674
-10.48673996
-9.744460834
-9.000682029
-8.255516754
-7.509078735
-6.761482171
-6.012841689
-5.263272302
-4.512889371
-3.761808555
-3.010145773
-2.258017159
-1.50553902
-0.7528277931
1.122657523e-012
0.7528277931
1.50553902
2.258017159
3.010145773
3.761808555
4.512889371
5.263272302
6.012841689
6.761482171
7.509078735
8.255516754
9.000682029
9.744460834
10.48673996
11.22740674
11.96634914
12.70345572
13.43861576
14.17171923
14.90265691
15.63132033
16.35760191
17.08139492
17.8025936
18.52109312
19.23678966
19.94958046
20.65936382
21.3660392
22.06950718
22.76966956
23.46642937
24.15969091
24.8493598
25.53534298
26.2175488
26.89588701
27.5702688
28.24060688
28.90681544
29.56881024
30.22650863
30.87982958
31.52869368
32.17302322
32.81274222
33.4477764
34.07805328
34.70350217
35.3240542
35.93964237
36.55020153
37.15566848
37.75598192
38.35108252
38.94091293
39.52541781
40.10454383
40.67823974
41.24645633
41.8091465
42.36626526
42.91776974
43.46361921
44.00377514
44.53820114
45.06686304
45.58972888
46.10676891
46.61795563
47.12326379
47.6226704
48.11615473
48.60369834
49.08528508
49.56090108
50.03053479
50.49417695
50.95182062
51.40346117
51.84909628
52.28872597
52.72235256
53.14998067
53.57161725
53.98727158
54.39695521
54.80068201
55.19846813
55.59033203
55.97629443
56.35637831
56.73060892
57.09901374
57.4616225
57.81846711
58.16958171
58.5150026
58.85476825
59.18891927
59.51749837
59.84055039
60.15812222
60.47026281
60.7770231
61.07845607
61.37461662
61.6655616
61.95134976
62.23204171
62.50769988
62.77838852
63.04417362
63.30512286
63.56130565
63.81279297
64.05965743
64.30197318
64.53981582
64.77326246
65.00239155
65.22728292
65.44801767
65.66467813
65.87734783
66.08611139
66.29105452
66.49226391
66.68982717
66.88383281
67.07437011
67.26152911
67.4454005
67.62607556
67.80364609
67.97820432
68.14984287
68.31865462
68.48473266
68.64817021
68.80906051
68.96749678
69.12357206
69.2773792
69.4290107
69.57855867
69.72611469
69.87176973
70.01561407
70.15773717
70.29822757
70.4371728
70.57465925
70.7107721
70.84559514
70.97921072
71.11169963
71.24314092
71.37361186
71.50318777
71.6319419
71.75994531
71.88726675
72.01397252
72.14012635
72.26578922
72.3910193
72.51587173
72.64039853
72.76464846
72.88866682
73.01249537
73.13617213
73.25973125
73.38320285
73.50661286
73.62998286
73.75332993
73.87666645
74
74.12333331
74.24666625
74.36999788
74.49332668
74.61665051
74.73996667
74.86327192
74.98656245
75.10983395
75.2330816
75.35630007
75.47948357
75.60262583
75.72572014
75.84875935
75.9717359
76.09464181
76.21746872
76.34020788
76.46285018
76.58538617
76.70780605
76.83009968
76.95225663
77.07426617
77.19611727
77.31779863
77.4392987
77.56060566
77.68170746
77.80259182
77.92324626
78.04365808
78.16381438
78.28370211
78.40330802
78.52261871
78.64162063
78.76030009
78.87864329
78.99663627
79.114265
79.23151534
79.34837305
79.46482383
79.5808533
79.69644701
79.81159047
79.92626915
80.04046847
80.15417384
80.26737064
80.38004426
80.49218008
80.60376347
80.71477984
80.82521461
80.93505323
81.0442812
81.15288406
81.2608474
81.36815686
81.47479816
81.58075709
81.68601952
81.79057141
81.89439881
81.99748786
82.09982481
82.20139603
82.30218801
82.40218734
82.50138075
82.59975511
82.69729743
82.79399485
82.88983467
82.98480435
83.07889149
83.17208386
83.26436941
83.35573626
83.4461727
83.5356672
83.62420842
83.71178521
83.79838661
83.88400185
83.96862039
84.05223186
84.13482612
84.21639321
84.29692344
84.37640727
84.45483543
84.53219886
84.60848872
84.68369639
84.75781349
84.83083189
84.90274368
84.97354117
85.04321694
85.1117638
85.1791748
85.24544325
85.31056269
85.37452691
85.43732996
85.49896615
85.55943002
85.61871639
85.67682031
85.7337371
85.78946235
85.84399189
85.89732181
85.94944847
86.00036849
86.05007875
86.09857638
86.14585878
86.19192363
86.23676885
86.28039262
86.3227934
86.3639699
86.4039211
86.44264624
86.48014481
86.51641658
86.55146158
86.58528007
86.61787262
86.64924001
86.67938331
86.70830383
86.73600315
86.76248311
86.78774577
86.81179348
86.83462884
86.85625467
86.87667407
86.89589037
86.91390717
86.93072829
86.9463578
86.96080002
86.97405951
86.98614105
86.99704969
87.00679068
87.01536952
87.02279194
87.0290639
87.03419158
87.0381814
87.04103997
87.04277416
87.04339103
87.04289786
87.04130215
87.0386116
87.03483413
87.02997786
87.02405111
87.0170624
87.00902045
86.99993417
86.98981267
86.97866523
86.96650135
86.95333067
86.93916305
86.92400849
86.9078772
86.89077954
86.87272603
86.85372737
86.83379442
86.8129382
86.79116986
86.76850075
86.74494231
86.72050617
86.69520409
86.66904795
86.64204979
86.61422176
86.58557615
86.55612537
86.52588196
86.49485857
86.46306794
86.43052297
86.39723663
86.36322199
86.32849224
86.29306065
86.2569406
86.22014553
86.18268898
86.14458458
86.10584601
86.06648705
86.02652154
85.98596338
85.94482652
85.903125
85.86087289
85.81808431
85.77477344
85.73095449
85.68664171
85.64184939
85.59659184
85.55088342
85.50473848
85.45817142
85.41119663
85.36382854
85.31608155
85.2679701
85.2195086
85.17071148
85.12159315
85.07216801
85.02245044
84.97245482
84.92219547
84.87168672
84.82094286
84.76997812
84.71880673
84.66744285
84.6159006
84.56419407
84.51233726
84.46034415
84.40822863
84.35600455
84.30368568
84.25128571
84.19881827
84.1462969
84.09373508
84.04114616
83.98854345
83.93594014
83.88334932
83.830784
83.77825707
83.72578132
83.67336943
83.62103397
83.56878738
83.516642
83.46461004
83.41270357
83.36093456
83.30931481
83.25785602
83.20656972
83.15546734
83.10456012
83.05385918
83.00337548
82.95311984
82.90310291
82.85333518
82.80382699
82.75458852
82.70562976
82.65696055
82.60859056
82.56052927
82.51278601
82.4653699
82.41828989
82.37155477
82.32517312
82.27915332
82.2335036
82.18823196
82.14334622
82.09885402
82.05476279
82.01107974
81.96781191
81.92496612
81.882549
81.84056696
81.7990262
81.75793272
81.71729232
81.67711056
81.6373928
81.59814421
81.5593697
81.521074
81.48326161
81.44593681
81.40910366
81.372766
81.33692746
81.30159145
81.26676114
81.23243948
81.19862923
81.16533288
81.13255274
81.10029087
81.06854912
81.0373291
81.00663223
80.97645967
80.94681239
80.91769111
80.88909635
80.8610284
80.83348733
80.806473
80.77998503
80.75402284
80.72858562
80.70367237
80.67928185
80.65541261
80.632063
80.60923115
80.58691498
80.56511221
80.54382035
80.52303671
80.5027584
80.48298232
80.46370517
80.44492349
80.42663357
80.40883157
80.39151341
80.37467486
80.3583115
80.34241872
80.32699173
80.3120256
80.2975152
80.28345523
80.26984025
80.25666464
80.24392264
80.23160832
80.21971562
80.20823832
80.19717008
80.1865044
80.17623466
80.16635413
80.15685593
80.14773307
80.13897845
80.13058488
80.12254503
80.11485152
80.10749682
80.10047337
80.0937735
80.08738947
80.08131346
80.07553761
80.07005399
80.06485461
80.05993146
80.05527646
80.05088154
80.04673856
80.0428394
80.03917591
80.03573995
80.03252336
80.02951802
80.02671583
80.02410868
80.02168854
80.0194474
80.0173773
80.01547035
80.01371873
80.01211469
80.01065056
80.00931877
80.00811188
80.00702251
80.00604345
80.00516761
80.00438802
80.00369789
80.00309058
80.00255962
80.00209873
80.00170182
80.00136299
80.00107657
80.00083712
80.00063943
80.00047852
80.0003497
80.00024853
80.00017086
80.00011283
80.0000709
80.00004183
80.00002272
80.00001103
80.00000455
80.00000145
80.00000029
80.00000002
80
80.00000002
80.00000029
80.00000145
80.00000455
80.00001103
80.00002272
80.00004183
80.0000709
80.00011283
80.00017086
80.00024853
80.0003497
80.00047852
80.00063943
80.00083712
80.00107657
80.00136299
80.00170182
80.00209873
80.00255962
80.00309058
80.00369789
80.00438802
80.00516761
80.00604345
80.00702251
80.00811188
80.00931877
80.01065056
80.01211469
80.01371873
80.01547035
80.0173773
80.0194474
80.02168854
80.02410868
80.02671583
80.02951802
80.03252336
80.03573995
80.03917591
80.0428394
80.04673856
80.05088154
80.05527646
80.05993146
80.06485461
80.07005399
80.07553761
80.08131346
80.08738947
80.0937735
80.10047337
80.10749682
80.11485152
80.12254503
80.13058488
80.13897845
80.14773307
80.15685593
80.16635413
80.17623466
80.1865044
80.19717008
80.20823832
80.21971562
80.23160832
80.24392264
80.25666464
80.26984025
80.28345523
80.2975152
80.3120256
80.32699173
80.34241872
80.3583115
80.37467486
80.39151341
80.40883157
80.42663357
80.44492349
80.46370517
80.48298232
80.5027584
80.52303671
80.54382035
80.56511221
80.58691498
80.60923115
80.632063
80.65541261
80.67928185
80.70367237
80.72858562
80.75402284
80.77998503
80.806473
80.83348733
80.8610284
80.88909635
80.91769111
80.94681239
80.97645967
81.00663223
81.0373291
81.06854912
81.10029087
81.13255274
81.16533288
81.19862923
81.23243948
81.26676114
81.30159145
81.33692746
81.372766
81.40910366
81.44593681
81.48326161
81.521074
81.5593697
81.59814421
81.6373928
81.67711056
81.71729232
81.75793272
81.7990262
81.84056696
81.882549
81.92496612
81.96781191
82.01107974
82.05476279
82.09885402
82.14334622
82.18823196
82.2335036
82.27915332
82.32517312
82.37155477
82.41828989
82.4653699
82.51278601
82.56052927
82.60859056
82.65696055
82.70562976
82.75458852
82.80382699
82.85333518
82.90310291
82.95311984
83.00337548
83.05385918
83.10456012
83.15546734
83.20656972
83.25785602
83.30931481
83.36093456
83.41270357
83.46461004
83.516642
83.56878738
83.62103397
83.67336943
83.72578132
83.77825707
83.830784
83.88334932
83.93594014
83.98854345
84.04114616
84.09373508
84.1462969
84.19881827
84.25128571
84.30368568
84.35600455
84.40822863
84.46034415
84.51233726
84.56419407
84.6159006
84.66744285
84.71880673
84.76997812
84.82094286
84.87168672
84.92219547
84.97245482
85.02245044
85.07216801
85.12159315
85.17071148
85.2195086
85.2679701
85.31608155
85.36382854
85.41119663
85.45817142
85.50473848
85.55088342
85.59659184
85.64184939
85.68664171
85.73095449
85.77477344
85.81808431
85.86087289
85.903125
85.94482652
85.98596338
86.02652154
86.06648705
86.10584601
86.14458458
86.18268898
86.22014553
86.2569406
86.29306065
86.32849224
86.36322199
86.39723663
86.43052297
86.46306794
86.49485857
86.52588196
86.55612537
86.58557615
86.61422176
86.64204979
86.66904795
86.69520409
86.72050617
86.74494231
86.76850075
86.79116986
86.8129382
86.83379442
86.85372737
86.87272603
86.89077954
86.9078772
86.92400849
86.93916305
86.95333067
86.96650135
86.97866523
86.98981267
86.99993417
87.00902045
87.0170624
87.02405111
87.02997786
87.03483413
87.0386116
87.04130215
87.04289786
87.04339103
87.04277416
87.04103997
87.0381814
87.03419158
87.0290639
87.02279194
87.01536952
87.00679068
86.99704969
86.98614105
86.97405951
86.96080002
86.9463578
86.93072829
86.91390717
86.89589037
86.87667407
86.85625467
86.83462884
86.81179348
86.78774577
86.76248311
86.73600315
86.70830383
86.67938331
86.64924001
86.61787262
86.58528007
86.55146158
86.51641658
86.48014481
86.44264624
86.4039211
86.3639699
86.3227934
86.28039262
86.23676885
86.19192363
86.14585878
86.09857638
86.05007875
86.00036849
85.94944847
85.89732181
85.84399189
85.78946235
85.7337371
85.67682031
85.61871639
85.55943002
85.49896615
85.43732996
85.37452691
85.31056269
85.24544325
85.1791748
85.1117638
85.04321694
84.97354117
84.90274368
84.83083189
84.75781349
84.68369639
84.60848872
84.53219886
84.45483543
84.37640727
84.29692344
84.21639321
84.13482612
84.05223186
83.96862039
83.88400185
83.79838661
83.71178521
83.62420842
83.5356672
83.4461727
83.35573626
83.26436941
83.17208386
83.07889149
82.98480435
82.88983467
82.79399485
82.69729743
82.59975511
82.50138075
82.40218734
82.30218801
82.20139603
82.09982481
81.99748786
81.89439881
81.79057141
81.68601952
81.58075709
81.47479816
81.36815686
81.2608474
81.15288406
81.0442812
80.93505323
80.82521461
80.71477984
80.60376347
80.49218008
80.38004426
80.26737064
80.15417384
80.04046847
79.92626915
79.81159047
79.69644701
79.5808533
79.46482383
79.34837305
79.23151534
79.114265
78.99663627
78.87864329
78.76030009
78.64162063
78.52261871
78.40330802
78.28370211
78.16381438
78.04365808
77.92324626
77.80259182
77.68170746
77.56060566
77.4392987
77.31779863
77.19611727
77.07426617
76.95225663
76.83009968
76.70780605
76.58538617
76.46285018
76.34020788
76.21746872
76.09464181
75.9717359
75.84875935
75.72572014
75.60262583
75.47948357
75.35630007
75.2330816
75.10983395
74.98656245
74.86327192
74.73996667
74.61665051
74.49332668
74.36999788
74.24666625
74.12333331
74
73.87666645
73.75332993
73.62998286
73.50661286
73.38320285
73.25973125
73.13617213
73.01249537
72.88866682
72.76464846
72.64039853
72.51587173
72.3910193
72.26578922
72.14012635
72.01397252
71.88726675
71.75994531
71.6319419
71.50318777
71.37361186
71.24314092
71.11169963
70.97921072
70.84559514
70.7107721
70.57465925
70.4371728
70.29822757
70.15773717
70.01561407
69.87176973
69.72611469
69.57855867
69.4290107
69.2773792
69.12357206
68.96749678
68.80906051
68.64817021
68.48473266
68.31865462
68.14984287
67.97820432
67.80364609
67.62607556
67.4454005
67.26152911
67.07437011
66.88383281
66.68982717
66.49226391
66.29105452
66.08611139
65.87734783
65.66467813
65.44801767
65.22728292
65.00239155
64.77326246
64.53981582
64.30197318
64.05965743
63.81279297
63.56130565
63.30512286
63.04417362
62.77838852
62.50769988
62.23204171
61.95134976
61.6655616
61.37461662
61.07845607
60.7770231
60.47026281
60.15812222
59.84055039
59.51749837
59.18891927
58.85476825
58.5150026
58.16958171
57.81846711
57.4616225
57.09901374
56.73060892
56.35637831
55.97629443
55.59033203
55.19846813
54.80068201
54.39695521
53.98727158
53.57161725
53.14998067
52.72235256
52.28872597
51.84909628
51.40346117
50.95182062
50.49417695
50.03053479
49.56090108
49.08528508
48.60369834
48.11615473
47.6226704
47.12326379
46.61795563
46.10676891
45.58972888
45.06686304
44.53820114
44.00377514
43.46361921
42.91776974
42.36626526
41.8091465
41.24645633
40.67823974
40.10454383
39.52541781
38.94091293
38.35108252
37.75598192
37.15566848
36.55020153
35.93964237
35.3240542
34.70350217
34.07805328
33.4477764
32.81274222
32.17302322
31.52869368
30.87982958
30.22650863
29.56881024
28.90681544
28.24060688
27.5702688
26.89588701
26.2175488
25.53534298
24.8493598
24.15969091
23.46642937
22.76966956
22.06950718
21.3660392
20.65936382
19.94958046
19.23678966
18.52109312
17.8025936
17.08139492
16.35760191
15.63132033
14.90265691
14.17171923
13.43861576
12.70345572
11.96634914
11.22740674
10.48673996
9.744460834
9.000682029
8.255516754
7.509078735
6.761482171
6.012841689
5.263272302
4.512889371
3.761808555
3.010145773
2.258017159
1.50553902
0.7528277931
-1.151079232e-012
-0.7528277931
-1.50553902
-2.258017159
-3.010145773
-3.761808555
-4.512889371
-5.263272302
-6.012841689
-6.761482171
-7.509078735
-8.255516754
-9.000682029
-9.744460834
-10.48673996
-11.22740674
-11.96634914
-12.70345572
-13.43861576
-14.17171923
-14.90265691
-15.63132033
-16.35760191
-17.08139492
-17.8025936
-18.52109312
-19.23678966
-19.94958046
-20.65936382
-21.3660392
-22.06950718
-22.76966956
-23.46642937
-24.15969091
-24.8493598
-25.53534298
-26.2175488
-26.89588701
-27.5702688
-28.24060688
-28.90681544
-29.56881024
-30.22650863
-30.87982958
-31.52869368
-32.17302322
-32.81274222
-33.4477764
-34.07805328
-34.70350217
-35.3240542
-35.93964237
-36.55020153
-37.15566848
-37.75598192
-38.35108252
-38.94091293
-39.52541781
-40.10454383
-40.67823974
-41.24645633
-41.8091465
-42.36626526
-42.91776974
-43.46361921
-44.00377514
-44.53820114
-45.06686304
-45.58972888
-46.10676891
-46.61795563
-47.12326379
-47.6226704
-48.11615473
-48.60369834
-49.08528508
-49.56090108
-50.03053479
-50.49417695
-50.95182062
-51.40346117
-51.84909628
-52.28872597
-52.72235256
-53.14998067
-53.57161725
-53.98727158
-54.39695521
-54.80068201
-55.19846813
-55.59033203
-55.97629443
-56.35637831
-56.73060892
-57.09901374
-57.4616225
-57.81846711
-58.16958171
-58.5150026
-58.85476825
-59.18891927
-59.51749837
-59.84055039
-60.15812222
-60.47026281
-60.7770231
-61.07845607
-61.37461662
-61.6655616
-61.95134976
-62.23204171
-62.50769988
-62.77838852
-63.04417362
-63.30512286
-63.56130565
-63.81279297
-64.05965743
-64.30197318
-64.53981582
-64.77326246
-65.00239155
-65.22728292
-65.44801767
-65.66467813
-65.87734783
-66.08611139
-66.29105452
-66.49226391
-66.68982717
-66.88383281
-67.07437011
-67.26152911
-67.4454005
-67.62607556
-67.80364609
-67.97820432
-68.14984287
-68.31865462
-68.48473266
-68.64817021
-68.80906051
-68.96749678
-69.12357206
-69.2773792
-69.4290107
-69.57855867
-69.72611469
-69.87176973
-70.01561407
-70.15773717
-70.29822757
-70.4371728
-70.57465925
-70.7107721
-70.84559514
-70.97921072
-71.11169963
-71.24314092
-71.37361186
-71.50318777
-71.6319419
-71.75994531
-71.88726675
-72.01397252
-72.14012635
-72.26578922
-72.3910193
-72.51587173
-72.64039853
-72.76464846
-72.88866682
-73.01249537
-73.13617213
-73.25973125
-73.38320285
-73.50661286
-73.62998286
-73.75332993
-73.87666645
-74
-74.12333331
-74.24666625
-74.36999788
-74.49332668
-74.61665051
-74.73996667
-74.86327192
-74.98656245
-75.10983395
-75.2330816
-75.35630007
-75.47948357
-75.60262583
-75.72572014
-75.84875935
-75.9717359
-76.09464181
-76.21746872
-76.34020788
-76.46285018
-76.58538617
-76.70780605
-76.83009968
-76.95225663
-77.07426617
-77.19611727
-77.31779863
-77.4392987
-77.56060566
-77.68170746
-77.80259182
-77.92324626
-78.04365808
-78.16381438
-78.28370211
-78.40330802
-78.52261871
-78.64162063
-78.76030009
-78.87864329
-78.99663627
-79.114265
-79.23151534
-79.34837305
-79.46482383
-79.5808533
-79.69644701
-79.81159047
-79.92626915
-80.04046847
-80.15417384
-80.26737064
-80.38004426
-80.49218008
-80.60376347
-80.71477984
-80.82521461
-80.93505323
-81.0442812
-81.15288406
-81.2608474
-81.36815686
-81.47479816
-81.58075709
-81.68601952
-81.79057141
-81.89439881
-81.99748786
-82.09982481
-82.20139603
-82.30218801
-82.40218734
-82.50138075
-82.59975511
-82.69729743
-82.79399485
-82.88983467
-82.98480435
-83.07889149
-83.17208386
-83.26436941
-83.35573626
-83.4461727
-83.5356672
-83.62420842
-83.71178521
-83.79838661
-83.88400185
-83.96862039
-84.05223186
-84.13482612
-84.21639321
-84.29692344
-84.37640727
-84.45483543
-84.53219886
-84.60848872
-84.68369639
-84.75781349
-84.83083189
-84.90274368
-84.97354117
-85.04321694
-85.1117638
-85.1791748
-85.24544325
-85.31056269
-85.37452691
-85.43732996
-85.49896615
-85.55943002
-85.61871639
-85.67682031
-85.7337371
-85.78946235
-85.84399189
-85.89732181
-85.94944847
-86.00036849
-86.05007875
-86.09857638
-86.14585878
-86.19192363
-86.23676885
-86.28039262
-86.3227934
-86.3639699
-86.4039211
-86.44264624
-86.48014481
-86.51641658
-86.55146158
-86.58528007
-86.61787262
-86.64924001
-86.67938331
-86.70830383
-86.73600315
-86.76248311
-86.78774577
-86.81179348
-86.83462884
-86.85625467
-86.87667407
-86.89589037
-86.91390717
-86.93072829
-86.9463578
-86.96080002
-86.97405951
-86.98614105
-86.99704969
-87.00679068
-87.01536952
-87.02279194
-87.0290639
-87.03419158
-87.0381814
-87.04103997
-87.04277416
-87.04339103
-87.04289786
-87.04130215
-87.0386116
-87.03483413
-87.02997786
-87.02405111
-87.0170624
-87.00902045
-86.99993417
-86.98981267
-86.97866523
-86.96650135
-86.95333067
-86.93916305
-86.92400849
-86.9078772
-86.89077954
-86.87272603
-86.85372737
-86.83379442
-86.8129382
-86.79116986
-86.76850075
-86.74494231
-86.72050617
-86.69520409
-86.66904795
-86.64204979
-86.61422176
-86.58557615
-86.55612537
-86.52588196
-86.49485857
-86.46306794
-86.43052297
-86.39723663
-86.36322199
-86.32849224
-86.29306065
-86.2569406
-86.22014553
-86.18268898
-86.14458458
-86.10584601
-86.06648705
-86.02652154
-85.98596338
-85.94482652
-85.903125
-85.86087289
-85.81808431
-85.77477344
-85.73095449
-85.68664171
-85.64184939
-85.59659184
-85.55088342
-85.50473848
-85.45817142
-85.41119663
-85.36382854
-85.31608155
-85.2679701
-85.2195086
-85.17071148
-85.12159315
-85.07216801
-85.02245044
-84.97245482
-84.92219547
-84.87168672
-84.82094286
-84.76997812
-84.71880673
-84.66744285
-84.6159006
-84.56419407
-84.51233726
-84.46034415
-84.40822863
-84.35600455
-84.30368568
-84.25128571
-84.19881827
-84.1462969
-84.09373508
-84.04114616
-83.98854345
-83.93594014
-83.88334932
-83.830784
-83.77825707
-83.72578132
-83.67336943
-83.62103397
-83.56878738
-83.516642
-83.46461004
-83.41270357
-83.36093456
-83.30931481
-83.25785602
-83.20656972
-83.15546734
-83.10456012
-83.05385918
-83.00337548
-82.95311984
-82.90310291
-82.85333518
-82.80382699
-82.75458852
-82.70562976
-82.65696055
-82.60859056
-82.56052927
-82.51278601
-82.4653699
-82.41828989
-82.37155477
-82.32517312
-82.27915332
-82.2335036
-82.18823196
-82.14334622
-82.09885402
-82.05476279
-82.01107974
-81.96781191
-81.92496612
-81.882549
-81.84056696
-81.7990262
-81.75793272
-81.71729232
-81.67711056
-81.6373928
-81.59814421
-81.5593697
-81.521074
-81.48326161
-81.44593681
-81.40910366
-81.372766
-81.33692746
-81.30159145
-81.26676114
-81.23243948
-81.19862923
-81.16533288
-81.13255274
-81.10029087
-81.06854912
-81.0373291
-81.00663223
-80.97645967
-80.94681239
-80.91769111
-80.88909635
-80.8610284
-80.83348733
-80.806473
-80.77998503
-80.75402284
-80.72858562
-80.70367237
-80.67928185
-80.65541261
-80.632063
-80.60923115
-80.58691498
-80.56511221
-80.54382035
-80.52303671
-80.5027584
-80.48298232
-80.46370517
-80.44492349
-80.42663357
-80.40883157
-80.39151341
-80.37467486
-80.3583115
-80.34241872
-80.32699173
-80.3120256
-80.2975152
-80.28345523
-80.26984025
-80.25666464
-80.24392264
-80.23160832
-80.21971562
-80.20823832
-80.19717008
-80.1865044
-80.17623466
-80.16635413
-80.15685593
-80.14773307
-80.13897845
-80.13058488
-80.12254503
-80.11485152
-80.10749682
-80.10047337
-80.0937735
-80.08738947
-80.08131346
-80.07553761
-80.07005399
-80.06485461
-80.05993146
-80.05527646
-80.05088154
-80.04673856
-80.0428394
-80.03917591
-80.03573995
-80.03252336
-80.02951802
-80.02671583
-80.02410868
-80.02168854
-80.0194474
-80.0173773
-80.01547035
-80.01371873
-80.01211469
-80.01065056
-80.00931877
-80.00811188
-80.00702251
-80.00604345
-80.00516761
-80.00438802
-80.00369789
-80.00309058
-80.00255962
-80.00209873
-80.00170182
-80.00136299
-80.00107657
-80.00083712
-80.00063943
-80.00047852
-80.0003497
-80.00024853
-80.00017086
-80.00011283
-80.0000709
-80.00004183
-80.00002272
-80.00001103
-80.00000455
-80.00000145
-80.00000029
-80.00000002
-80
-80.00000002
-80.00000029
-80.00000145
-80.00000455
-80.00001103
-80.00002272
-80.00004183
-80.0000709
-80.00011283
-80.00017086
-80.00024853
-80.0003497
-80.00047852
-80.00063943
-80.00083712
-80.00107657
-80.00136299
-80.00170182
-80.00209873
-80.00255962
-80.00309058
-80.00369789
-80.00438802
-80.00516761
-80.00604345
-80.00702251
-80.00811188
-80.00931877
-80.01065056
-80.01211469
-80.01371873
-80.01547035
-80.0173773
-80.0194474
-80.02168854
-80.02410868
-80.02671583
-80.02951802
-80.03252336
-80.03573995
-80.03917591
-80.0428394
-80.04673856
-80.05088154
-80.05527646
-80.05993146
-80.06485461
-80.07005399
-80.07553761
-80.08131346
-80.08738947
-80.0937735
-80.10047337
-80.10749682
-80.11485152
-80.12254503
-80.13058488
-80.13897845
-80.14773307
-80.15685593
-80.16635413
-80.17623466
-80.1865044
-80.19717008
-80.20823832
-80.21971562
-80.23160832
-80.24392264
-80.25666464
-80.26984025
-80.28345523
-80.2975152
-80.3120256
-80.32699173
-80.34241872
-80.3583115
-80.37467486
-80.39151341
-80.40883157
-80.42663357
-80.44492349
-80.46370517
-80.48298232
-80.5027584
-80.52303671
-80.54382035
-80.56511221
-80.58691498
-80.60923115
-80.632063
-80.65541261
-80.67928185
-80.70367237
-80.72858562
-80.75402284
-80.77998503
-80.806473
-80.83348733
-80.8610284
-80.88909635
-80.91769111
-80.94681239
-80.97645967
-81.00663223
-81.0373291
-81.06854912
-81.10029087
-81.13255274
-81.16533288
-81.19862923
-81.23243948
-81.26676114
-81.30159145
-81.33692746
-81.372766
-81.40910366
-81.44593681
-81.48326161
-81.521074
-81.5593697
-81.59814421
-81.6373928
-81.67711056
-81.71729232
-81.75793272
-81.7990262
-81.84056696
-81.882549
-81.92496612
-81.96781191
-82.01107974
-82.05476279
-82.09885402
-82.14334622
-82.18823196
-82.2335036
-82.27915332
-82.32517312
-82.37155477
-82.41828989
-82.4653699
-82.51278601
-82.56052927
-82.60859056
-82.65696055
-82.70562976
-82.75458852
-82.80382699
-82.85333518
-82.90310291
-82.95311984
-83.00337548
-83.05385918
-83.10456012
-83.15546734
-83.20656972
-83.25785602
-83.30931481
-83.36093456
-83.41270357
-83.46461004
-83.516642
-83.56878738
-83.62103397
-83.67336943
-83.72578132
-83.77825707
-83.830784
-83.88334932
-83.93594014
-83.98854345
-84.04114616
-84.09373508
-84.1462969
-84.19881827
-84.25128571
-84.30368568
-84.35600455
-84.40822863
-84.46034415
-84.51233726
-84.56419407
-84.6159006
-84.66744285
-84.71880673
-84.76997812
-84.82094286
-84.87168672
-84.92219547
-84.97245482
-85.02245044
-85.07216801
-85.12159315
-85.17071148
-85.2195086
-85.2679701
-85.31608155
-85.36382854
-85.41119663
-85.45817142
-85.50473848
-85.55088342
-85.59659184
-85.64184939
-85.68664171
-85.73095449
-85.77477344
-85.81808431
-85.86087289
-85.903125
-85.94482652
-85.98596338
-86.02652154
-86.06648705
-86.10584601
-86.14458458
-86.18268898
-86.22014553
-86.2569406
-86.29306065
-86.32849224
-86.36322199
-86.39723663
-86.43052297
-86.46306794
-86.49485857
-86.52588196
-86.55612537
-86.58557615
-86.61422176
-86.64204979
-86.66904795
-86.69520409
-86.72050617
-86.74494231
-86.76850075
-86.79116986
-86.8129382
-86.83379442
-86.85372737
-86.87272603
-86.89077954
-86.9078772
-86.92400849
-86.93916305
-86.95333067
-86.96650135
-86.97866523
-86.98981267
-86.99993417
-87.00902045
-87.0170624
-87.02405111
-87.02997786
-87.03483413
-87.0386116
-87.04130215
-87.04289786
-87.04339103
-87.04277416
-87.04103997
-87.0381814
-87.03419158
-87.0290639
-87.02279194
-87.01536952
-87.00679068
-86.99704969
-86.98614105
-86.97405951
-86.96080002
-86.9463578
-86.93072829
-86.91390717
-86.89589037
-86.87667407
-86.85625467
-86.83462884
-86.81179348
-86.78774577
-86.76248311
-86.73600315
-86.70830383
-86.67938331
-86.64924001
-86.61787262
-86.58528007
-86.55146158
-86.51641658
-86.48014481
-86.44264624
-86.4039211
-86.3639699
-86.3227934
-86.28039262
-86.23676885
-86.19192363
-86.14585878
-86.09857638
-86.05007875
-86.00036849
-85.94944847
-85.89732181
-85.84399189
-85.78946235
-85.7337371
-85.67682031
-85.61871639
-85.55943002
-85.49896615
-85.43732996
-85.37452691
-85.31056269
-85.24544325
-85.1791748
-85.1117638
-85.04321694
-84.97354117
-84.90274368
-84.83083189
-84.75781349
-84.68369639
-84.60848872
-84.53219886
-84.45483543
-84.37640727
-84.29692344
-84.21639321
-84.13482612
-84.05223186
-83.96862039
-83.88400185
-83.79838661
-83.71178521
-83.62420842
-83.5356672
-83.4461727
-83.35573626
-83.26436941
-83.17208386
-83.07889149
-82.98480435
-82.88983467
-82.79399485
-82.69729743
-82.59975511
-82.50138075
-82.40218734
-82.30218801
-82.20139603
-82.09982481
-81.99748786
-81.89439881
-81.79057141
-81.68601952
-81.58075709
-81.47479816
-81.36815686
-81.2608474
-81.15288406
-81.0442812
-80.93505323
-80.82521461
-80.71477984
-80.60376347
-80.49218008
-80.38004426
-80.26737064
-80.15417384
-80.04046847
-79.92626915
-79.81159047
-79.69644701
-79.5808533
-79.46482383
-79.34837305
-79.23151534
-79.114265
-78.99663627
-78.87864329
-78.76030009
-78.64162063
-78.52261871
-78.40330802
-78.28370211
-78.16381438
-78.04365808
-77.92324626
-77.80259182
-77.68170746
-77.56060566
-77.4392987
-77.31779863
-77.19611727
-77.07426617
-76.95225663
-76.83009968
-76.70780605
-76.58538617
-76.46285018
-76.34020788
-76.21746872
-76.09464181
-75.9717359
-75.84875935
-75.72572014
-75.60262583
-75.47948357
-75.35630007
-75.2330816
-75.10983395
-74.98656245
-74.86327192
-74.73996667
-74.61665051
-74.49332668
-74.36999788
-74.24666625
-74.12333331
-74
-73.87666645
-73.75332993
-73.62998286
-73.50661286
-73.38320285
-73.25973125
-73.13617213
-73.01249537
-72.88866682
-72.76464846
-72.64039853
-72.51587173
-72.3910193
-72.26578922
-72.14012635
-72.01397252
-71.88726675
-71.75994531
-71.6319419
-71.50318777
-71.37361186
-71.24314092
-71.11169963
-70.97921072
-70.84559514
-70.7107721
-70.57465925
-70.4371728
-70.29822757
-70.15773717
-70.01561407
-69.87176973
-69.72611469
-69.57855867
-69.4290107
-69.2773792
-69.12357206
-68.96749678
-68.80906051
-68.64817021
-68.48473266
-68.31865462
-68.14984287
-67.97820432
-67.80364609
-67.62607556
-67.4454005
-67.26152911
-67.07437011
-66.88383281
-66.68982717
-66.49226391
-66.29105452
-66.08611139
-65.87734783
-65.66467813
-65.44801767
-65.22728292
-65.00239155
-64.77326246
-64.53981582
-64.30197318
-64.05965743
-63.81279297
-63.56130565
-63.30512286
-63.04417362
-62.77838852
-62.50769988
-62.23204171
-61.95134976
-61.6655616
-61.37461662
-61.07845607
-60.7770231
-60.47026281
-60.15812222
-59.84055039
-59.51749837
-59.18891927
-58.85476825
-58.5150026
-58.16958171
-57.81846711
-57.4616225
-57.09901374
-56.73060892
-56.35637831
-55.97629443
-55.59033203
-55.19846813
-54.80068201
-54.39695521
-53.98727158
-53.57161725
-53.14998067
-52.72235256
-52.28872597
-51.84909628
-51.40346117
-50.95182062
-50.49417695
-50.03053479
-49.56090108
-49.08528508
-48.60369834
-48.11615473
-47.6226704
-47.12326379
-46.61795563
-46.10676891
-45.58972888
-45.06686304
-44.53820114
-44.00377514
-43.46361921
-42.91776974
-42.36626526
-41.8091465
-41.24645633
-40.67823974
-40.10454383
-39.52541781
-38.94091293
-38.35108252
-37.75598192
-37.15566848
-36.55020153
-35.93964237
-35.3240542
-34.70350217
-34.07805328
-33.4477764
-32.81274222
-32.17302322
-31.52869368
-30.87982958
-30.22650863
-29.56881024
-28.90681544
-28.24060688
-27.5702688
-26.89588701
-26.2175488
-25.53534298
-24.8493598
-24.15969091
-23.46642937
-22.76966956
-22.06950718
-21.3660392
-20.65936382
-19.94958046
-19.23678966
-18.52109312
-17.8025936
-17.08139492
-16.35760191
-15.63132033
-14.90265691
-14.17171923
-13.43861576
-12.70345572
-11.96634914
-11.22740674
-10.48673996
-9.744460834
-9.000682029
-8.255516754
-7.509078735
-6.761482171
-6.012841689
-5.263272302
-4.512889371
-3.761808555
-3.010145773
-2.258017159
-1.50553902
-0.7528277931
1.094235813e-012
0.7528277931
1.50553902
2.258017159
3.010145773
3.761808555
4.512889371
5.263272302
6.012841689
6.761482171
7.509078735
8.255516754
9.000682029
9.744460834
10.48673996
11.22740674
11.96634914
12.70345572
13.43861576
14.17171923
14.90265691
15.63132033
16.35760191
17.08139492
17.8025936
18.52109312
19.23678966
19.94958046
20.65936382
21.3660392
22.06950718
22.76966956
23.46642937
24.15969091
24.8493598
25.53534298
26.2175488
26.89588701
27.5702688
28.24060688
28.90681544
29.56881024
30.22650863
30.87982958
31.52869368
32.17302322
32.81274222
33.4477764
34.07805328
34.70350217
35.3240542
35.93964237
36.55020153
37.15566848
37.75598192
38.35108252
38.94091293
39.52541781
40.10454383
40.67823974
41.24645633
41.8091465
42.36626526
42.91776974
43.46361921
44.00377514
44.53820114
45.06686304
45.58972888
46.10676891
46.61795563
47.12326379
47.6226704
48.11615473
48.60369834
49.08528508
49.56090108
50.03053479
50.49417695
50.95182062
51.40346117
51.84909628
52.28872597
52.72235256
53.14998067
53.57161725
53.98727158
54.39695521
54.80068201
55.19846813
55.59033203
55.97629443
56.35637831
56.73060892
57.09901374
57.4616225
57.81846711
58.16958171
58.5150026
58.85476825
59.18891927
59.51749837
59.84055039
60.15812222
60.47026281
60.7770231
61.07845607
61.37461662
61.6655616
61.95134976
62.23204171
62.50769988
62.77838852
63.04417362
63.30512286
63.56130565
63.81279297
64.05965743
64.30197318
64.53981582
64.77326246
65.00239155
65.22728292
65.44801767
65.66467813
65.87734783
66.08611139
66.29105452
66.49226391
66.68982717
66.88383281
67.07437011
67.26152911
67.4454005
67.62607556
67.80364609
67.97820432
68.14984287
68.31865462
68.48473266
68.64817021
68.80906051
68.96749678
69.12357206
69.2773792
69.4290107
69.57855867
69.72611469
69.87176973
70.01561407
70.15773717
70.29822757
70.4371728
70.57465925
70.7107721
70.84559514
70.97921072
71.11169963
71.24314092
71.37361186
71.50318777
71.6319419
71.75994531
71.88726675
72.01397252
72.14012635
72.26578922
72.3910193
72.51587173
72.64039853
72.76464846
72.88866682
73.01249537
73.13617213
73.25973125
73.38320285
73.50661286
73.62998286
73.75332993
73.87666645
74
74.12333331
74.24666625
74.36999788
74.49332668
74.61665051
74.73996667
74.86327192
74.98656245
75.10983395
75.2330816
75.35630007
75.47948357
75.60262583
75.72572014
75.84875935
75.9717359
76.09464181
76.21746872
76.34020788
76.46285018
76.58538617
76.70780605
76.83009968
76.95225663
77.07426617
77.19611727
77.31779863
77.4392987
77.56060566
77.68170746
77.80259182
77.92324626
78.04365808
78.16381438
78.28370211
78.40330802
78.52261871
78.64162063
78.76030009
78.87864329
78.99663627
79.114265
79.23151534
79.34837305
79.46482383
79.5808533
79.69644701
79.81159047
79.92626915
80.04046847
80.15417384
80.26737064
80.38004426
80.49218008
80.60376347
80.71477984
80.82521461
80.93505323
81.0442812
81.15288406
81.2608474
81.36815686
81.47479816
81.58075709
81.68601952
81.79057141
81.89439881
81.99748786
82.09982481
82.20139603
82.30218801
82.40218734
82.50138075
82.59975511
82.69729743
82.79399485
82.88983467
82.98480435
83.07889149
83.17208386
83.26436941
83.35573626
83.4461727
83.5356672
83.62420842
83.71178521
83.79838661
83.88400185
83.96862039
84.05223186
84.13482612
84.21639321
84.29692344
84.37640727
84.45483543
84.53219886
84.60848872
84.68369639
84.75781349
84.83083189
84.90274368
84.97354117
85.04321694
85.1117638
85.1791748
85.24544325
85.31056269
85.37452691
85.43732996
85.49896615
85.55943002
85.61871639
85.67682031
85.7337371
85.78946235
85.84399189
85.89732181
85.94944847
86.00036849
86.05007875
86.09857638
86.14585878
86.19192363
86.23676885
86.28039262
86.3227934
86.3639699
86.4039211
86.44264624
86.48014481
86.51641658
86.55146158
86.58528007
86.61787262
86.64924001
86.67938331
86.70830383
86.73600315
86.76248311
86.78774577
86.81179348
86.83462884
86.85625467
86.87667407
86.89589037
86.91390717
86.93072829
86.9463578
86.96080002
86.97405951
86.98614105
86.99704969
87.00679068
87.01536952
87.02279194
87.0290639
87.03419158
87.0381814
87.04103997
87.04277416
87.04339103
87.04289786
87.04130215
87.0386116
87.03483413
87.02997786
87.02405111
87.0170624
87.00902045
86.99993417
86.98981267
86.97866523
86.96650135
86.95333067
86.93916305
86.92400849
86.9078772
86.89077954
86.87272603
86.85372737
86.83379442
86.8129382
86.79116986
86.76850075
86.74494231
86.72050617
86.69520409
86.66904795
86.64204979
86.61422176
86.58557615
86.55612537
86.52588196
86.49485857
86.46306794
86.43052297
86.39723663
86.36322199
86.32849224
86.29306065
86.2569406
86.22014553
86.18268898
86.14458458
86.10584601
86.06648705
86.02652154
85.98596338
85.94482652
85.903125
85.86087289
85.81808431
85.77477344
85.73095449
85.68664171
85.64184939
85.59659184
85.55088342
85.50473848
85.45817142
85.41119663
85.36382854
85.31608155
85.2679701
85.2195086
85.17071148
85.12159315
85.07216801
85.02245044
84.97245482
84.92219547
84.87168672
84.82094286
84.76997812
84.71880673
84.66744285
84.6159006
84.56419407
84.51233726
84.46034415
84.40822863
84.35600455
84.30368568
84.25128571
84.19881827
84.1462969
84.09373508
84.04114616
83.98854345
83.93594014
83.88334932
83.830784
83.77825707
83.72578132
83.67336943
83.62103397
83.56878738
83.516642
83.46461004
83.41270357
83.36093456
83.30931481
83.25785602
83.20656972
83.15546734
83.10456012
83.05385918
83.00337548
82.95311984
82.90310291
82.85333518
82.80382699
82.75458852
82.70562976
82.65696055
82.60859056
82.56052927
82.51278601
82.4653699
82.41828989
82.37155477
82.32517312
82.27915332
82.2335036
82.18823196
82.14334622
82.09885402
82.05476279
82.01107974
81.96781191
81.92496612
81.882549
81.84056696
81.7990262
81.75793272
81.71729232
81.67711056
81.6373928
81.59814421
81.5593697
81.521074
81.48326161
81.44593681
81.40910366
81.372766
81.33692746
81.30159145
81.26676114
81.23243948
81.19862923
81.16533288
81.13255274
81.10029087
81.06854912
81.0373291
81.00663223
80.97645967
80.94681239
80.91769111
80.88909635
80.8610284
80.83348733
80.806473
80.77998503
80.75402284
80.72858562
80.70367237
80.67928185
80.65541261
80.632063
80.60923115
80.58691498
80.56511221
80.54382035
80.52303671
80.5027584
80.48298232
80.46370517
80.44492349
80.42663357
80.40883157
80.39151341
80.37467486
80.3583115
80.34241872
80.32699173
80.3120256
80.2975152
80.28345523
80.26984025
80.25666464
80.24392264
80.23160832
80.21971562
80.20823832
80.19717008
80.1865044
80.17623466
80.16635413
80.15685593
80.14773307
80.13897845
80.13058488
80.12254503
80.11485152
80.10749682
80.10047337
80.0937735
80.08738947
80.08131346
80.07553761
80.07005399
80.06485461
80.05993146
80.05527646
80.05088154
80.04673856
80.0428394
80.03917591
80.03573995
80.03252336
80.02951802
80.02671583
80.02410868
80.02168854
80.0194474
80.0173773
80.01547035
80.01371873
80.01211469
80.01065056
80.00931877
80.00811188
80.00702251
80.00604345
80.00516761
80.00438802
80.00369789
80.00309058
80.00255962
80.00209873
80.00170182
80.00136299
80.00107657
80.00083712
80.00063943
80.00047852
80.0003497
80.00024853
80.00017086
80.00011283
80.0000709
80.00004183
80.00002272
80.00001103
80.00000455
80.00000145
80.00000029
80.00000002
80
80.00000001
80.00000009
80.00000046
80.00000143
80.00000347
80.00000714
80.00001313
80.00002225
80.00003539
80.00005358
80.0000779
80.00010956
80.00014986
80.00020017
80.00026195
80.00033673
80.00042613
80.00053183
80.00065558
80.0007992
80.00096456
80.00115358
80.00136826
80.00161061
80.00188274
80.00218674
80.00252479
80.00289908
80.00331184
80.00376534
80.00426186
80.00480371
80.00539323
80.00603277
80.00672469
80.00747138
80.00827522
80.00913861
80.01006395
80.01105364
80.01211009
80.0132357
80.01443286
80.01570395
80.01705135
80.01847742
80.01998452
80.02157497
80.02325108
80.02501515
80.02686944
80.02881618
80.03085761
80.03299589
80.03523319
80.03757162
80.04001327
80.04256019
80.04521438
80.04797782
80.05085244
80.05384011
80.05694268
80.06016195
80.06349965
80.06695749
80.07053711
80.0742401
80.07806801
80.08202232
80.08610446
80.0903158
80.09465766
80.0991313
80.1037379
80.10847861
80.1133545
80.11836657
80.12351578
80.12880299
80.13422902
80.13979463
80.14550048
80.1513472
80.15733532
80.16346532
80.16973759
80.17615248
80.18271024
80.18941106
80.19625506
80.20324228
80.2103727
80.2176462
80.22506262
80.2326217
80.24032311
80.24816646
80.25615127
80.26427699
80.27254298
80.28094856
80.28949295
80.29817528
80.30699463
80.31595
80.3250403
80.33426437
80.34362099
80.35310885
80.36272657
80.37247267
80.38234564
80.39234386
80.40246564
80.41270923
80.4230728
80.43355444
80.44415216
80.45486392
80.46568759
80.47662097
80.48766179
80.49880771
80.5100563
80.5214051
80.53285154
80.544393
80.55602679
80.56775014
80.57956023
80.59145417
80.60342898
80.61548163
80.62760905
80.63980806
80.65207544
80.66440792
80.67680214
80.68925469
80.7017621
80.71432085
80.72692735
80.73957796
80.75226895
80.76499659
80.77775706
80.79054647
80.80336092
80.81619642
80.82904896
80.84191444
80.85478875
80.8676677
80.88054708
80.89342261
80.90628999
80.91914484
80.93198276
80.94479932
80.95759002
80.97035034
80.98307571
80.99576153
81.00840316
81.02099593
81.03353512
81.046016
81.05843379
81.07078369
81.08306086
81.09526045
81.10737756
81.11940728
81.13134467
81.14318477
81.1549226
81.16655315
81.17807141
81.18947232
81.20075083
81.21190187
81.22292035
81.23380116
81.24453921
81.25512937
81.2655665
81.27584546
81.28596113
81.29590833
81.30568193
81.31527677
81.32468769
81.33390954
81.34293716
81.35176542
81.36038915
81.36880322
81.37700251
81.38498188
81.39273623
81.40026046
81.40754947
81.4145982
81.42140158
81.42795457
81.43425215
81.44028932
81.44606109
81.4515625
81.45678861
81.46173452
81.46639534
81.4707662
81.47484228
81.47861878
81.48209094
81.48525401
81.48810331
81.49063415
81.49284193
81.49472204
81.49626994
81.49748112
81.49835111
81.49887548
81.49904986
81.49886992
81.49833136
81.49742995
81.4961615
81.49452187
81.49250698
81.49011278
81.48733531
81.48417063
81.48061489
81.47666426
81.47231501
81.46756344
81.46240592
81.45683889
81.45085884
81.44446233
81.43764599
81.43040651
81.42274065
81.41464525
81.4061172
81.39715346
81.38775109
81.3779072
81.36761897
81.35688366
81.34569862
81.33406125
81.32196906
81.30941959
81.29641051
81.28293955
81.2690045
81.25460327
81.23973381
81.2243942
81.20858256
81.19229712
81.17553618
81.15829815
81.14058149
81.12238478
81.10370668
81.08454593
81.06490135
81.04477187
81.02415651
81.00305436
80.98146462
80.95938657
80.93681959
80.91376315
80.8902168
80.86618022
80.84165313
80.81663539
80.79112693
80.76512779
80.73863807
80.71165802
80.68418793
80.65622822
80.62777939
80.59884205
80.56941689
80.5395047
80.50910637
80.47822288
80.4468553
80.41500482
80.3826727
80.3498603
80.31656908
80.2828006
80.24855651
80.21383854
80.17864853
80.14298843
80.10686024
80.07026609
80.03320819
79.99568883
79.95771043
79.91927545
79.88038648
79.84104619
79.80125732
79.76102274
79.72034536
79.67922821
79.63767441
79.59568714
79.55326968
79.5104254
79.46715775
79.42347025
79.37936652
79.33485024
79.28992521
79.24459525
79.1988643
79.15273637
79.10621553
79.05930594
79.01201182
78.96433746
78.91628725
78.8678656
78.81907703
78.76992609
78.72041743
78.67055573
78.62034575
78.5697923
78.51890027
78.46767456
78.41612017
78.36424213
78.31204551
78.25953547
78.20671716
78.15359582
78.10017671
78.04646514
77.99246645
77.93818602
77.88362927
77.82880163
77.77370859
77.71835565
77.66274833
77.60689217
77.55079275
77.49445565
77.43788647
77.38109081
77.3240743
77.26684256
77.20940121
77.15175589
77.09391222
77.03587582
76.9776523
76.91924726
76.86066629
76.80191495
76.7429988
76.68392335
76.62469409
76.5653165
76.505796
76.44613797
76.38634778
76.32643072
76.26639205
76.20623697
76.14597064
76.08559812
76.02512446
75.96455459
75.90389342
75.84314573
75.78231626
75.72140966
75.66043046
75.59938315
75.53827208
75.4771015
75.41587559
75.35459839
75.29327382
75.2319057
75.17049772
75.10905344
75.04757627
74.98606951
74.92453629
74.86297961
74.80140231
74.73980707
74.6781964
74.61657265
74.554938
74.49329442
74.43164374
74.36998756
74.3083273
74.24666418
74.18499921
74.12333318
74.06166666
74
73.93833323
73.87666496
73.81499143
73.75330643
73.69160143
73.62986563
73.56808607
73.50624769
73.44433341
73.38232423
73.32019927
73.25793586
73.19550965
73.13289461
73.07006317
73.00698626
72.94363337
72.87997265
72.81597095
72.75159388
72.68680593
72.62157046
72.55584981
72.48960536
72.42279757
72.35538605
72.28732963
72.2185864
72.14911379
72.07886859
72.00780704
71.93588487
71.86305734
71.78927933
71.71450535
71.6386896
71.56178603
71.48374839
71.40453026
71.3240851
71.24236633
71.15932731
71.07492143
70.98910216
70.90182304
70.81303778
70.72270025
70.63076456
70.53718506
70.4419164
70.34491359
70.24613195
70.14552726
70.0430557
69.93867391
69.83233907
69.72400883
69.61364146
69.50119578
69.38663123
69.26990791
69.15098659
69.02982872
68.90639649
68.78065282
68.65256143
68.52208681
68.38919426
68.25384994
68.11602085
67.97567488
67.8327808
67.68730831
67.53922803
67.38851155
67.2351314
67.07906111
66.9202752
66.75874919
66.59445963
66.42738413
66.2575013
66.08479086
65.90923356
65.73081125
65.54950687
65.36530446
65.17818915
64.98814721
64.79516602
64.59923407
64.400341
64.1984776
63.99363579
63.78580863
63.57499033
63.36117628
63.14436299
62.92454814
62.70173058
62.47591031
62.24708847
62.01526739
61.78045054
61.54264254
61.30184917
61.05807737
60.8113352
60.5616319
60.30897782
60.05338445
59.79486444
59.53343152
59.26910057
59.00188757
58.73180961
58.45888487
58.18313263
57.90457325
57.62322817
57.33911987
57.05227192
56.7627089
56.47045646
56.17554126
55.87799096
55.57783424
55.27510077
54.96982118
54.6620271
54.35175109
54.03902664
53.7238882
53.40637111
53.08651161
52.76434684
52.43991479
52.11325432
51.78440512
51.45340772
51.12030344
50.7851344
50.4479435
50.1087744
49.76767149
49.4246799
49.07984546
48.73321469
48.38483478
48.03475359
47.6830196
47.32968191
46.97479023
46.61839483
46.26054656
45.9012968
45.54069746
45.17880095
44.81566016
44.45132845
44.08585962
43.71930788
43.35172786
42.98317457
42.61370337
42.24336998
41.87223042
41.50034101
41.12775838
40.75453937
40.38074109
40.00642084
39.63163615
39.25644469
38.88090428
38.50507289
38.12900858
37.75276951
37.3764139
37
36.6235861
36.24723049
35.87099142
35.49492711
35.11909572
34.74355531
34.36836385
33.99357916
33.61925891
33.24546063
32.87224162
32.49965899
32.12776958
31.75663002
31.38629663
31.01682543
30.64827214
30.28069212
29.91414038
29.54867155
29.18433984
28.82119905
28.45930254
28.0987032
27.73945344
27.38160517
27.02520977
26.67031809
26.3169804
25.96524641
25.61516522
25.26678531
24.92015454
24.5753201
24.23232851
23.8912256
23.5520565
23.2148656
22.87969656
22.54659228
22.21559488
21.88674568
21.56008521
21.23565316
20.91348839
20.59362889
20.2761118
19.96097336
19.64824891
19.3379729
19.03017882
18.72489923
18.42216576
18.12200904
17.82445874
17.52954354
17.2372911
16.94772808
16.66088013
16.37677183
16.09542675
15.81686737
15.54111513
15.26819039
14.99811243
14.73089943
14.46656848
14.20513556
13.94661555
13.69102218
13.4383681
13.1886648
12.94192263
12.69815083
12.45735746
12.21954946
11.98473261
11.75291153
11.52408969
11.29826942
11.07545186
10.85563701
10.63882372
10.42500967
10.21419137
10.00636421
9.801522396
9.599658997
9.400765934
9.204833984
9.011852786
8.821810846
8.634695541
8.450493128
8.26918875
8.090766443
7.915209143
7.742498698
7.572615873
7.405540366
7.241250813
7.079724803
6.920938888
6.764868596
6.611488448
6.460771965
6.31269169
6.1672192
6.024325121
5.883979147
5.746150059
5.610805738
5.477913192
5.347438568
5.219347177
5.093603515
4.970171283
4.849013412
4.730092088
4.61336877
4.498804223
4.386358539
4.275991166
4.167660935
4.061326086
3.956944303
3.854472738
3.753868046
3.655086415
3.558083596
3.462814944
3.369235443
3.277299748
3.186962219
3.098176956
3.010897839
2.925078566
2.840672692
2.757633672
2.675914897
2.595469744
2.516251611
2.438213969
2.3613104
2.285494648
2.210720665
2.136942657
2.064115135
1.992192964
1.921131415
1.850886214
1.7814136
1.712670373
1.644613952
1.577202432
1.510394639
1.444150187
1.37842954
1.313194069
1.248406116
1.184029052
1.120027347
1.056366625
0.9930137376
0.9299368254
0.8671053879
0.8044903508
0.7420641364
0.679800734
0.6176757717
0.5556665899
0.4937523148
0.4319139342
0.3701343736
0.3083985738
0.2466935696
0.1850085696
0.1233350375
0.06166677389
0
0
0
0
0
0
0
0
0
0
0
0
0
0
0
0
0
0
0
0
0
0
0
0
0
0
0
0
0
0
0
0
0
0
0
0
0
0
0
0
0
0
0
0
0
0
0
0
0
0
0
0
0
0
0
0
0
0
0
0
0
0
0
0
0
0
0
0
0
0
0
0
0
0
0
0
0
0
0
0
0
0
0
0
0
0
0
0
0
0
0
0
0
0
0
0
0
0
0
0
0
0
0
0
0
0
0
0
0
0
0
0
0
0
0
0
0
0
0
0
0
0
0
0
0
0
0
0
0
0
0
0
0
0
0
0
0
0
0
0
0
0
0
0
0
0
0
0
0
0
0
0
0
0
0
0
0
0
0
0
0
0
0
0
0
0
0
0
0
0
0
0
0
0
0
0
0
0
0
0
0
0
0
0
0
0
0
0
0
0
0
0
0
0
0
0
0
0
0
0
0
0
0
0
0
0
0
0
0
0
0
0
0
0
0
0
0
0
0
0
0
0
0
0
0
0
0
0
0
0
0
0
0
0
0
0
0
0
0
0
0
0
0
0
0
0
0
0
0
0
0
0
0
0
0
0
0
0
0
0
0
0
0
0
0
0
0
0
0
0
0
0
0
0
0
0
0
0
0
0
0
0
0
0
0
0
0
0
0
0
0
0
0
0
0
0
0
0
0
0
0
0
0
0
0
0
0
0
0
0
0
0
0
0
0
0
0
0
0
0
0
0
0
0
0
0
0
0
0
0
0
0
0
0
0
0
0
0
0
0
0
0
0
0
0
0
0
0
0
0
0
0
0
0
0
0
0
0
0
0
0
0
0
0
0
0
0
0
0
0
0
0
0
0
0
0
0
0
0
0
0
0
0
0
0
0
0
0
0
0
0
0
0
0
0
0
0
0
0
0
0
0
0
0
0
0
0
0
0
0
0
0
0
0
0
0
0
0
0
0
0
0
0
0
0
0
0
0
0
0
0
0
0
0
0
0
0
0
0
0
0
0
0
0
0
0
0
0
0
0
0
0
0
0
0
0
0
0
0
0
0
0
0
0
0
0
0
0
0
0
0
0
0
0
0
0
0
0
0
0
0
0
0
0
0
0
0
0
0
0
0
0
0
0
0
0
0
0
0
0
0
0
0
0
0
0
0
0
0
0
0
0
0
0
0
0
0
0
0
0
0
0
0
0
0
0
0
0
0
0
0
0
0
0
0
0
0
0
0
0
0
0
0
0
0
0
0
0
0
0
0
0
0
0
0
0
0
0
0
0
0
0
0
0
0
0
0
0
0
0
0
0
0
0
0
0
0
0
0
0
0
0
0
0
0
0
0
0
0
0
0
0
0
0
0
0
0
0
0
0
0
0
0
0
0
0
0
0
0
0
0
0
0
0
0
0
0
0
0
0
0
0
0
0
0
0
0
0
0
0
0
0
0
0
0
0
0
0
0
0
0
0
0
0
0
0
0
0
0
0
0
0
0
0
0
0
0
0
0
0
0
0
0
0
0
0
0
0
0
0
0
0
0
0
0
0
0
0
0
0
0
0
0
0
0
0
0
0
0
0
0
0
0
0
0
0
0
0
0
0
0
0
0
0
0
0
0
0
0
0
0
0
0
0
0
0
0
0
0
0
0
0
0
0
0
0
0
0
0
0
0
0
0
0
0
0
0
0
0
0
0
0
0
0
0
0
0
0
0
0
0
0
0
0
0
0
0
0
0
0
0
0
0
0
0
0
0
0
0
0
0
0
0
0
0
0
0
0
0
0
0
0
0
0
0
0
0
0
0
0
0
0
0
0
0
0
0
0
0
0
0
0
0
0
0
0
0
0
0
0
0
0
0
0
0
0
0
0
0
0
0
0
0
0
0
0
0
0
0
0
0
0
0
0
0
0
0
0
0
0
0
0
0
0
0
0
0
0
0
0
0
0
0
0
0
0
0
0
0
0
0
0
0
0
0
0
0
0
0
0
0
0
0
0
0
0
0
0
0
0
0
0
0
0
0
0
0
0
0
0
0
0
0
0
0
0
0
0
0
0
0
0
0
0
0
0
0
0
0
0
0
0
0
0
0
0
0
0
0
0
0
0
0
0
0
0
0
0
0
0
0
0
0
0
0
0
0
0
0
0
0
0
0
0
0
0
0
0
0
0
0
0
0
0
0
0
0
0
0
0
0
0
0
0
0
0
0
0
0
0
0
0
0
0
0
0
0
0
0
0
0
0
0
0
0
0
0
0
0
0
0
0
0
0
0
0
0
0
0
0
0
0
0
0
0
0
0
0
0
0
0
0
0
0
0
0
0
0
0
0
0
0
0
0
0
0
0
0
0
0
0
0
0
0
0
0
0
0
0
0
0
0
0
0
0
0
0
0
0
0
0
0
0
0
0
0
0
0
0
0
0
0
0
0
0
0
0
0
0
0
0
0
0
0
0
0
0
0
0
0
0
0
0
0
0
0
0
0
0
0
0
0
0
0
0
0
0
0
0
0
0
0
0
0
0
0
0
0
0
0
0
0
0
0
0
0
0
0
0
0
0
0
0
0
0
0
0
0
0
0
0
0
0
0
0
0
0
0
0
0
0
0
0
0
0
0
0
0
0
0
0
0
0
0
0
0
0
0
0
0
0
0
0
0
0
0
0
0
0
0
0
0
0
0
0
0
0
0
0
0
0
0
0
0
0
0
0
0
0
0
0
0
0
0
0
0
0
0
0
0
0
0
0
0
0
0
0
0
0
0
0
0
0
0
0
0
0
0
0
0
0
0
0
0
0
0
0
0
0
0
0
0
0
0
0
0
0
0
0
0
0
0
0
0
0
0
0
0
0
0
0
0
0
0
0
0
0
0
0
0
0
0
0
0
0
0
0
0
0
0
0
0
0
0
0
0
0
0
0
0
0
0
0
0
0
0
0
0
0
0
0
0
0
0
0
0
0
0
0
0
0
0
0
0
0
0
0
0
0
0
0
0
0
0
0
0
0
0
0
0
0
0
0
0
0
0
0
0
0
0
0
0
0
0
0
0
0
0
0
0
0
0
0
0
0
0
0
0
0
0
0
0
0
0
0
0
0
0
0
0
0
0
0
0
0
0
0
0
0
0
0
0
0
0
0
0
0
0
0
0
0
0
0
0
0
0
0
0
0
0
0
0
0
0
0
0
0
0
0
0
0
0
0
0
0
0
0
0
0
0
0
0
0
0
0
0
0
0
0
0
0
0
0
0
0
0
0
0
0
0
0
0
0
0
0
0
0
0
0
0
0
0
0
0
0
0
0
0
0
0
0
0
0
0
0
0
0
0
0
0
0
0
0
0
0
0
0
0
0
0
0
0
0
0
0
0
0
0
0
0
0
0
0
0
0
0
0
0
0
0
0
0
0
0
0
0
0
0
0
0
0
0
0
0
0
0
0
0
0
0
0
0
0
0
0
0
0
0
0
0
0
0
0
0
0
0
0
0
0
0
0
0
0
0
0
0
0
0
0
0
0
0
0
0
0
0
0
0
0
0
0
0
0
0
0
0
0
0
0
0
0
0
0
0
0
0
0
0
0
0
0
0
0
0
0
0
0
0
0
0
0
0
0
0
0
0
0
0
0
0
0
0
0
0
0
0
0
0
0
0
0
0
0
0
0
0
0
0
0
0
0
0
0
0
0
0
0
0
0
0
0
0
0
0
0
0
0
0
0
0
0
0
0
0
0
0
0
0
0
0
0
0
0
0
0
0
0
0
0
0
0
0
0
0
0
0
0
0
0
0
0
0
0
0
0
0
0
0
0
0
0
0
0
0
0
0
0
0
0
0
0
0
0
0
0
0
0
0
0
0
0
0
0
0
0
0
0
0
0
0
0
0
0
0
0
0
0
0
0
0
0
0
0
0
0
0
0
0
0
0
0
0
0
0
0
0
0
0
0
0
0
0
0
0
0
0
0
0
0
0
0
0
0
0
0
0
0
0
0
0
0
0
0
0
0
0
0
0
0
0
0
0
0
0
0
0
0
0
0
0
0
0
0
0
0
0
0
0
0
0
0
0
0
0
0
0
0
0
0
0
0
0
0
0
0
0
0
0
0
0
0
0
0
0
0
0
0
0
0
0
0
0
0
0
0
0
0
0
0
0
0
0
0
0
0
0
0
0
0
0
0
0
0
0
0
0
0
0
0
0
0
0
0
0
0
0
0
0
0
0
0
0
0
0
0
0
0
0
0
0
0
0
0
0
0
0
0
0
0
0
0
0
0
0
0
0
0
0
0
0
0
0
0
0
0
0
0
0
0
0
0
0
0
0
0
0
0
0
0
0
0
0
0
0
0
0
0
0
0
0
0
0
0
0
0
0
0
0
0
0
0
0
0
0
0
0
0
0
0
0
0
0
0
0
0
0
0
0
0
0
0
0
0
0
0
0
0
0
0
0
0
0
0
0
0
0
0
0
0
0
0
0
0
0
0
0
0
0
0
0
0
0
0
0
0
0
0
0
0
0
0
0
0
0
0
0
0
0
0
0
0
0
0
0
0
0
0
0
0
0
0
0
0
0
0
0
0
0
0
0
0
0
0
0
0
0
0
0
0
0
0
0
0
0
0
0
0
0
0
0
0
0
0
0
0
0
0
0
0
0
0
0
0
0
0
0
0
0
0
0
0
0
0
0
0
0
0
0
0
0
0
0
0
0
0
0
0
0
0
0
0
0
0
0
0
0
0
0
0
0
0
0
0
0
0
0
0
0
0
0
0
0
0
0
0
0
0
0
0
0
0
0
0
0
0
0
0
0
0
0
0
0
0
0
0
0
0
0
0
0
0
0
0
0
0
0
0
0
0
0
0
0
0
0
0
0
0
0
0
0
0
0
0
0
0
0
0
0
0
0
0
0
0
0
0
0
0
0
0
0
0
0
0
0
0
0
0
0
0
0
0
0
0
0
0
0
0
0
0
0
0
0
0
0
0
0
0
0
0
0
0
0
0
0
0
0
0
0
0
0
0
0
0
0
0
0
0
0
0
0
0
0
0
0
0
0
0
0
0
0
0
0
0
0
0
0
0
0
0
0
0
0
0
0
0
0
0
0
0
0
0
0
0
0
0
0
0
0
0
0
0
0
0
0
0
0
0
0
0
0
0
0
0
0
0
0
0
0
0
0
0
0
0
0
0
0
0
0
0
0
0
0
0
0
0
0
0
0
0
0
0
0
0
0
0
0
0
0
0
0
0
0
0
0
0
0
0
0
0
0
0
0
0
0
0
0
0
0
0
0
0
0
0
0
0
0
0
0
0
0
0
0
0
0
0
0
0
0
0
0
0
0
0
0
0
0
0
0
0
0
0
0
0
0
0
0
0
0
0
0
0
0
0
0
0
0
0
0
0
0
0
0
0
0
0
0
0
0
0
0
0
0
0
0
0
0
0
0
0
0
0
0
0
0
0
0
0
0
0
0
0
0
0
0
0
0
0
0
0
0
0
0
0
0
0
0
0
0
0
0
0
0
0
0
0
0
0
0
0
0
0
0
0
0
0
0
0
0
0
0
0
0
0
0
0
0
0
0
0
0
0
0
0
0
0
0
0
0
0
0
0
0
0
0
0
0
0
0
0
0
0
0
0
0
0
0
0
0
0
0
0
0
0
0
0
0
0
0
0
0
0
0
0
0
0
0
0
0
0
0
0
0
0
0
0
0
0
0
0
0
0
0
0
0
0
0
0
0
0
0
0
0
0
0
0
0
0
0
0
0
0
0
0
0
0
0
0
0
0
0
0
0
0
0
0
0
0
0
0
0
0
0
0
0
0
0
0
0
0
0
0
0
0
0
0
0
0
0
0
0
0
0
0
0
0
0
0
0
0
0
0
0
0
0
0
0
0
0
0
0
0
0
0
0
0
0
0
0
0
0
0
0
0
0
0
0
0
0
0
0
0
0
0
0
0
0
0
0
0
0
0
0
0
0
0
0
0
0
0
0
0
0
0
0
0
0
0
0
0
0
0
0
0
0
0
0
0
0
0
0
0
0
0
0
0
0
0
0
0
0
0
0
0
0
0
0
0
0
0
0
0
0
0
0
0
0
0
0
0
0
0
0
0
0
0
0
0
0
0
0
0
0
0
0
0
0
0
0
0
0
0
0
0
0
0
0
0
0
0
0
0
0
0
0
0
0
0
0
0
0
0
0
0
0
0
0
0
0
0
0
0
0
0
0
0
0
0
0
0
0
0
0
0
0
0
0
0
0
0
0
0
0
0
0
0
0
0
0
0
0
0
0
0
0
0
0
0
0
0
0
0
0
0
0
0
0
0
0
0
0
0
0
0
0
0
0
0
0
0
0
0
0
0
0
0
0
0
0
0
0
0
0
0
0
0
0
0
0
0
0
0
0
0
0
0
0
0
0
0
0
0
0
0
0
0
0
0
0
0
0
0
0
0
0
0
0
0
0
0
0
0
0
0
0
0
0
0
0
0
0
0
0
0
0
0
0
0
0
0
0
0
0
0
0
0
0
0
0
0
0
0
0
0
0
0
0
0
0
0
0
0
0
0
0
0
0
0
0
0
0
0
0
0
0
0
0
0
0
0
0
0
0
0
0
0
0
0
0
0
0
0
0
0
0
0
0
0
0
0
0
0
0
0
0
0
0
0
0
0
0
0
0
0
0
0
0
0
0
0
0
0
0
0
0
0
0
0
0
0
0
0
0
0
0
0
0
0
0
0
0
0
0
0
0
0
0
0
0
0
0
0
0
0
0
0
0
0
0
0
0
0
0
0
0
0
0
0
0
0
0
0
0
0
0
0
0
0
0
0
0
0
0
0
0
0
0
0
0
0
0
0
0
0
0
0
0
0
0
0
0
0
0
0
0
0
0
0
0
0
0
0
0
0
0
0
0
0
0
0
0
0
0
0
0
0
0
0
0
0
0
0
0
0
0
0
0
0
0
0
0
0
0
0
0
0
0
0
0
0
0
0
0
0
0
0
0
0
0
0
0
0
0
0
0
0
0
0
0
0
0
0
0
0
0
0
0
0
0
0
0
0
0
0
0
0
0
0
0
0
0
0
0
0
0
0
0
0
0
0
0
0
0
0
0
0
0
0
0
0
0
0
0
0
0
0
0
0
0
0
0
0
0
0
0
0
0
0
0
0
0
0
0
0
0
0
0
0
0
0
0
0
0
0
0
0
0
0
0
0
0
0
0
0
0
0
0
0
0
0
0
0
0
0
0
0
0
0
0
0
0
0
0
0
0
0
0
0
0
0
0
0
0
0
0
0
0
0
0
0
0
0
0
0
0
0
0
0
0
0
0
0
0
0
0
0
0
0
0
0
0
0
0
0
0
0
0
0
0
0
0
0
0
0
0
0
0
0
0
0
0
0
0
0
0
0
0
0
0
0
0
0
0
0
0
0
0
0
0
0
0
0
0
0
0
0
0
0
0
0
0
0
0
0
0
0
0
0
0
0
0
0
0
0
0
0
0
0
0
0
0
0
0
0
0
0
0
0
0
0
0
0
0
0
0
0
0
0
0
0
0
0
0
0
0
0
0
0
0
0
0
0
0
0
0
0
0
0
0
0
0
0
0
0
0
0
0
0
0
0
0
0
0
0
0
0
0
0
0
0
0
0
0
0
0
0
0
0
0
0
0
0
0
0
0
0
0
0
0
0
0
0
0
0
0
0
0
0
0
0
0
0
0
0
0
0
0
0
0
0
0
0
0
0
0
0
0
0
0
0
0
0
0
0
0
0
0
0
0
0
0
0
0
0
0
0
0
0
0
0
0
0
0
0
0
0
0
0
0
0
0
0
0
0
0
0
0
0
0
0
0
0
0
0
0
0
0
0
0
0
0
0
0
0
0
0
0
0
0
0
0
0
0
0
0
0
0
0
0
0
0
0
0
0
0
0
0
0
0
0
0
0
0
0
0
0
0
0
0
0
0
0
0
0
0
0
0
0
0
0
0
0
0
0
0
0
0
0
0
0
0
0
0
0
0
0
0
0
0
0
0
0
0
0
0
0
0
0
0
0
0
0
0
0
0
0
0
0
0
0
0
0
0
0
0
0
0
0
0
0
0
0
0
0
0
0
0
0
0
0
0
0
0
0
0
0
0
0
0
0
0
0
0
0
0
0
0
0
0
0
0
0
0
0
0
0
0
0
0
0
0
0
0
0
0
0
0
0
0
0
0
0
0
0
0
0
0
0
0
0
0
0
0
0
0
0
0
0
0
0
0
0
0
0
0
0
0
0
0
0
0
0
0
0
0
0
0
0
0
0
0
0
0
0
0
0
0
0
0
0
0
0
0
0
0
0
0
0
0
0
0
0
0
0
0
0
0
0
0
0
0
0
0
0
0
0
0
0
0
0
0
0
0
0
0
0
0
0
0
0
0
0
0
0
0
0
0
0
0
0
0
0
0
0
0
0
0
0
0
0
0
0
0
0
0
0
0
0
0
0
0
0
0
0
0
0
0
0
0
0
0
0
0
0
0
0
0
0
0
0
0
0
0
0
0
0
0
0
0
0
0
0
0
0
0
0
0
0
0
0
0
0
0
0
0
0
0
0
0
0
0
0
0
0
0
0
0
0
0
0
0
0
0
0
0
0
0
0
0
0
0
0
0
0
0
0
0
0
0
0
0
0
0
0
0
0
0
0
0
0
0
0
0
0
0
0
0
0
0
0
0
0
0
0
0
0
0
0
0
0
0
0
0
0
0
0
0
0
0
0
0
0
0
0
0
0
0
0
0
0
0
0
0
0
0
0
0
0
0
0
0
0
0
0
0
0
0
0
0
0
0
0
0
0
0
0
0
0
0
0
0
0
0
0
0
0
0
0
0
0
0
0
0
0
0
0
0
0
0
0
0
0
0
0
0
0
0
0
0
0
0
0
0
0
0
0
0
0
0
0
0
0
0
0
0
0
0
0
0
0
0
0
0
0
0
0
0
0
0
0
0
0
0
0
0
0
0
0
0
0
0
0
0
0
0
0
0
0
0
0
0
0
0
0
0
0
0
0
0
0
0
0
0
0
0
0
0
0
0
0
0
0
0
0
0
0
0
0
0
0
0
0
0
0
0
0
0
0
0
0
0
0
0
0
0
0
0
0
0
0
0
0
0
0
0
0
0
0
0
0
0
0
0
0
0
0
0
0
0
0
0
0
0
0
0
0
0
0
0
0
0
0
0
0
0
0
0
0
0
0
0
0
0
0
0
0
0
0
0
0
0
0
0
0
0
0
0
0
0
0
0
0
0
0
0
0
0
0
0
0
0
0
0
0
0
0
0
0
0
0
0
0
0
0
0
0
0
0
0
0
0
0
0
0
0
0
0
0
0
0
0
0
0
0
0
0
0
0
0
0
0
0
0
0
0
0
0
0
0
0
0
0
0
0
0
0
0
0
0
0
0
0
0
0
0
0
0
0
0
0
0
0
0
0
0
0
0
0
0
0
0
0
0
0
0
0
0
0
0
0
0
0
0
0
0
0
0
0
0
0
0
0
0
0
0
0
0
0
0
0
0
0
0
0
0
0
0
0
0
0
0
0
0
0
0
0
0
0
0
0
0
0
0
0
0
0
0
0
0
0
0
0
0
0
0
0
0
0
0
0
0
0
0
0
0
0
0
0
0
0
0
0
0
0
0
0
0
0
0
0
0
0
0
0
0
0
0
0
0
0
0
0
0
0
0
0
0
0
0
0
0
0
0
0
0
0
0
0
0
0
0
0
0
0
0
0
0
0
0
0
0
0
0
0
0
0
0
0
0
0
0
0
0
0
0
0
0
0
0
0
0
0
0
0
0
0
0
0
0
0
0
0
0
0
0
0
0
0
0
0
0
0
0
0
0
0
0
0
0
0
0
0
0
0
0
0
0
0
0
0
0
0
0
0
0
0
0
0
0
0
0
0
0
0
0
0
0
0
0
0
0
0
0
0
0
0
0
0
0
0
0
0
0
0
0
0
0
0
0
0
0
0
0
0
0
0
0
0
0
0
0
0
0
0
0
0
0
0
0
0
0
0
0
0
0
0
0
0
0
0
0
0
0
0
0
0
0
0
0
0
0
0
0
0
0
0
0
0
0
0
0
0
0
0
0
0
0
0
0
0
0
0
0
0
0
0
0
0
0
0
0
0
0
0
0
0
0
0
0
0
0
0
0
0
0
0
0
0
0
0
0
0
0
0
0
0
0
0
0
0
0
0
0
0
0
0
0
0
0
0
0
0
0
0
0
0
0
0
0
0
0
0
0
0
0
0
0
0
0
0
0
0
0
0
0
0
0
0
0
0
0
0
0
0
0
0
0
0
0
0
0
0
0
0
0
0
0
0
0
0
0
0
0
0
0
0
0
0
0
0
0
0
0
0
0
0
0
0
0
0
0
0
0
0
0
0
0
0
0
0
0
0
0
0
0
0
0
0
0
0
0
0
0
0
0
0
0
0
0
0
0
0
0
0
0
0
0
0
0
0
0
0
0
