0
0
0
0
0
0
0
0
0
0
0
0
0
0
0
0
0
0
0
0
0
0
0
0
0
0
0
0
0
0
0
0
0
0
0
0
0
0
0
0
0
0
0
0
0
0
0
0
0
0
0
0
0
0
0
0
0
0
0
0
0
0
0
0
0
0
0
0
0
0
0
0
0
0
0
0
0
0
0
0
0
0
0
0
0
0
0
0
0
0
0
0
0
0
0
0
0
0
0
0
0
0
0
0
0
0
0
0
0
0
0
0
0
0
0
0
0
0
0
0
0
0
0
0
0
0
0
0
0
0
0
0
0
0
0
0
0
0
0
0
0
0
0
0
0
0
0
0
0
0
0
0
0
0
0
0
0
0
0
0
0
0
0
0
0
0
0
0
0
0
0
0
0
0
0
0
0
0
0
0
0
0
0
0
0
0
0
0
0
0
0
0
0
0
0
0
0
0
0
0
0
0
0
0
0
0
0
0
0
0
0
0
0
0
0
0
0
0
0
0
0
0
0
0
0
0
0
0
0
0
0
0
0
0
0
0
0
0
0
0
0
0
0
0
0
0
0
0
0
0
0
0
0
0
0
0
0
0
0
0
0
0
0
0
0
0
0
0
0
0
0
0
0
0
0
0
0
0
0
0
0
0
0
0
0
0
0
0
0
0
0
0
0
0
0
0
0
0
0
0
0
0
0
0
0
0
0
0
0
0
0
0
0
0
0
0
0
0
0
0
0
0
0
0
0
0
0
0
0
0
0
0
0
0
0
0
0
0
0
0
0
0
0
0
0
0
0
0
0
0
0
0
0
0
0
0
0
0
0
0
0
0
0
0
0
0
0
0
0
0
0
0
0
0
0
0
0
0
0
0
0
0
0
0
0
0
0
0
0
0
0
0
0
0
0
0
0
0
0
0
0
0
0
0
0
0
0
0
0
0
0
0
0
0
0
0
0
0
0
0
0
0
0
0
0
0
0
0
0
0
0
0
0
0
0
0
0
0
0
0
0
0
0
0
0
0
0
0
0
0
0
0
0
0
0
0
0
0
0
0
0
0
0
0
0
0
0
0
0
0
0
0
0
0
0
0
0
0
0
0
0
0
0
0
0
0
0
0
0
0
0
0
0
0
0
0
0
0
0
0
0
0
0
0
0
0
0
0
0
0
0
0
0
0
0
0
0
0
0
0
0
0
0
0
0
0
0
0
0
0
0
0
0
0
0
0
0
0
0
0
0
0
0
0
0
0
0
0
0
0
0
0
0
0
0
0
0
0
0
0
0
0
0
0
0
0
0
0
0
0
0
0
0
0
0
0
0
0
0
0
0
0
0
0
0
0
0
0
0
0
0
0
0
0
0
0
0
0
0
0
0
0
0
0
0
0
0
0
0
0
0
0
0
0
0
0
0
0
0
0
0
0
0
0
0
0
0
0
0
0
0
0
0
0
0
0
0
0
0
0
0
0
0
0
0
0
0
0
0
0
0
0
0
0
0
0
0
0
0
0
0
0
0
0
0
0
0
0
0
0
0
0
0
0
0
0
0
0
0
0
0
0
0
0
0
0
0
0
0
0
0
0
0
0
0
0
0
0
0
0
0
0
0
0
0
0
0
0
0
0
0
0
0
0
0
0
0
0
0
0
0
0
0
0
0
0
0
0
0
0
0
0
0
0
0
0
0
0
0
0
0
0
0
0
0
0
0
0
0
0
0
0
0
0
0
0
0
0
0
0
0
0
0
0
0
0
0
0
0
0
0
0
0
0
0
0
0
0
0
0
0
0
0
0
0
0
0
0
0
0
0
0
0
0
0
0
0
0
0
0
0
0
0
0
0
0
0
0
0
0
0
0
0
0
0
0
0
0
0
0
0
0
0
0
0
0
0
0
0
0
0
0
0
0
0
0
0
0
0
0
0
0
0
0
0
0
0
0
0
0
0
0
0
0
0
0
0
0
0
0
0
0
0
0
0
0
0
0
0
0
0
0
0
0
0
0
0
0
0
0
0
0
0
0
0
0
0
0
0
0
0
0
0
0
0
0
0
0
0
0
0
0
0
0
0
0
0
0
0
0
0
0
0
0
0
0
0
0
0
0
0
0
0
0
0
0
0
0
0
0
0
0
0
0
0
0
0
0
0
0
0
0
0
0
0
0
0
0
0
0
0
0
0
0
0
0
0
0
0
0
0
0
0
0
0
0
0
0
0
0
0
0
0
0
0
0
0
0
0
0
0
0
0
0
0
0
0
0
0
0
0
0
0
0
0
0
0
0
0
0
0
0
0
0
0
0
0
0
0
0
0
0
0
0
0
0
0
0
0
0
0
0
0
0
0
0
0
0
0
0
0
0
0
0
0
0
0
0
0
0
0
0
0
0
0
0
0
0
0
0
0
0
0
0
0
0
0
0
0
0
0
0
0
0
0
0
0
0
0
0
0
0
0
0
0
0
0
0
0
0
0
0
0
0
0
0
0
0
0
0
0
0
0
0
0
0
0
0
0
0
0
0
0
0
0
0
0
0
0
0
0
0
0
0
0
0
0
0
0
0
0
0
0
0
0
0
0
0
0
0
0
0
0
0
0
0
0
0
0
0
0
0
0
0
0
0
0
0
0
0
0
0
0
0
0
0
0
0
0
0
0
0
0
0
0
0
0
0
0
0
0
0
0
0
0
0
0
0
0
0
0
0
0
0
0
0
0
0
0
0
0
0
0
0
0
0
0
0
0
0
0
0
0
0
0
0
0
0
0
0
0
0
0
0
0
0
0
0
0
0
0
0
0
0
0
0
0
0
0
0
0
0
0
0
0
0
0
0
0
0
0
0
0
0
0
0
0
0
0
0
0
0
0
0
0
0
0
0
0
0
0
0
0
0
0
0
0
0
0
0
0
0
0
0
0
0
0
0
0
0
0
0
0
0
0
0
0
0
0
0
0
0
0
0
0
0
0
0
0
0
0
0
0
0
0
0
0
0
0
0
0
0
0
0
0
0
0
0
0
0
0
0
0
0
0
0
0
0
0
0
0
0
0
0
0
0
0
0
0
0
0
0
0
0
0
0
0
0
0
0
0
0
0
0
0
0
0
0
0
0
0
0
0
0
0
0
0
0
0
0
0
0
0
0
0
0
0
0
0
0
0
0
0
0
0
0
0
0
0
0
0
0
0
0
0
0
0
0
0
0
0
0
0
0
0
0
0
0
0
0
0
0
0
0
0
0
0
0
0
0
0
0
0
0
0
0
0
0
0
0
0
0
0
0
0
0
0
0
0
0
0
0
0
0
0
0
0
0
0
0
0
0
0
0
0
0
0
0
0
0
0
0
0
0
0
0
0
0
0
0
0
0
0
0
0
0
0
0
0
0
0
0
0
0
0
0
0
0
0
0
0
0
0
0
0
0
0
0
0
0
0
0
0
0
0
0
0
0
0
0
0
0
0
0
0
0
0
0
0
0
0
0
0
0
0
0
0
0
0
0
0
0
0
0
0
0
0
0
0
0
0
0
0
0
0
0
0
0
0
0
0
0
0
0
0
0
0
0
0
0
0
0
0
0
0
0
0
0
0
0
0
0
0
0
0
0
0
0
0
0
0
0
0
0
0
0
0
0
0
0
0
0
0
0
0
0
0
0
0
0
0
0
0
0
0
0
0
0
0
0
0
0
0
0
0
0
0
0
0
0
0
0
0
0
0
0
0
0
0
0
0
0
0
0
0
0
0
0
0
0
0
0
0
0
0
0
0
0
0
0
0
0
0
0
0
0
0
0
0
0
0
0
0
0
0
0
0
0
0
0
0
0
0
0
0
0
0
0
0
0
0
0
0
0
0
0
0
0
0
0
0
0
0
0
0
0
0
0
0
0
0
0
0
0
0
0
0
0
0
0
0
0
0
0
0
0
0
0
0
0
0
0
0
0
0
0
0
0
0
0
0
0
0
0
0
0
0
0
0
0
0
0
0
0
0
0
0
0
0
0
0
0
0
0
0
0
0
0
0
0
0
0
0
0
0
0
0
0
0
0
0
0
0
0
0
0
0
0
0
0
0
0
0
0
0
0
0
0
0
0
0
0
0
0
0
0
0
0
0
0
3.159766718e-008
5.027320685e-007
2.530807426e-006
7.953666895e-006
1.930886151e-005
3.981316671e-005
7.334234521e-005
0.0001244111552
0.0001981536021
0.0003003034342
0.0004371748785
0.0006156436179
0.0008431280079
0.00112757053
0.001477419485
0.001901610918
0.002409550779
0.003011097321
0.003716543725
0.004536600958
0.005482380859
0.006565379461
0.007797460527
0.009190839327
0.01075806663
0.01251201291
0.01446585283
0.01663304984
0.01902734112
0.02166272264
0.02455343452
0.02771394653
0.03115894384
0.03490331305
0.03896212829
0.04335063764
0.04808424978
0.05317852071
0.05864914087
0.06451192229
0.07078278607
0.07747775
0.0846129164
0.09220446019
0.1002686171
0.1088216721
0.1178799483
0.1274597952
0.1375775783
0.1482496683
0.1594924301
0.1713222129
0.1837553397
0.1968080973
0.2104967268
0.2248374138
0.2398462788
0.2555393682
0.2719326452
0.2890419808
0.3068831452
0.3254717993
0.3448234863
0.3649536237
0.385877495
0.4076102424
0.4301668586
0.4535621797
0.4778108781
0.5029274548
0.5289262331
0.5558213514
0.5836267568
0.6123561986
0.642023222
0.6726411622
0.7042231382
0.7367820472
0.7703305588
0.80488111
0.8404458991
0.8770368814
0.9146657639
0.953344
0.9930827857
1.033893054
1.075785473
1.118770437
1.162858067
1.208058206
1.254380411
1.301833957
1.350427825
1.400170706
1.451070993
1.50313678
1.556375858
1.610795714
1.666403526
1.723206164
1.781210181
1.840421821
1.900847005
1.962491339
2.025360107
2.089458271
2.154790468
2.221361008
2.289173879
2.358232735
2.428540904
2.500101385
2.572916842
2.64698961
2.722321692
2.798914756
2.876770139
2.955888843
3.036271536
3.117918554
3.200829899
3.285005238
3.370443907
3.457144907
3.545106908
3.63432825
3.724806939
3.816540653
3.909526741
4.003762221
4.099243789
4.19596781
4.293930329
4.393127064
4.493553415
4.595204459
4.698074958
4.802159354
4.907451778
5.013946045
5.121635661
5.230513825
5.340573427
5.451807055
5.564206996
5.677765235
5.792473463
5.908323077
6.025305183
6.143410597
6.26262985
6.382953193
6.504370594
6.626871746
6.750446069
6.875082713
7.000770559
7.127498227
7.255254076
7.384026209
7.513802476
7.644570476
7.776317563
7.909030851
8.042697214
8.177303291
8.312835492
8.44928
8.586622776
8.724849561
8.863945884
9.003897062
9.144688207
9.286304231
9.428729845
9.571949571
9.715947739
9.860708498
10.00621582
10.15245348
10.29940513
10.4470542
10.595384
10.74437767
10.89401819
11.04428841
11.19517102
11.34664858
11.49870352
11.65131815
11.80447463
11.95815504
12.11234131
12.26701529
12.42215872
12.57775323
12.73378036
12.89022159
13.04705828
13.20427173
13.36184317
13.51975375
13.67798458
13.8365167
13.99533109
14.15440869
14.31373041
14.4732771
14.63302962
14.79296875
14.95307529
15.11333002
15.27371369
15.43420706
15.59479089
15.75544595
15.916153
16.07689285
16.2376463
16.3983942
16.5591174
16.71979683
16.88041343
17.04094821
17.2013822
17.36169652
17.52187234
17.68189089
17.8417335
18.00138154
18.1608165
18.32001993
18.47897349
18.63765893
18.79605811
18.95415299
19.11192565
19.26935828
19.42643321
19.58313288
19.73943986
19.89533688
20.05080679
20.2058326
20.36039746
20.51448468
20.66807775
20.82116028
20.97371611
21.1257292
21.27718371
21.428064
21.57835459
21.7280402
21.87710576
22.02553638
22.17331738
22.3204343
22.46687288
22.61261907
22.75765907
22.90197928
23.04556632
23.18840706
23.33048861
23.4717983
23.61232371
23.75205267
23.89097326
24.0290738
24.1663429
24.30276938
24.43834237
24.57305124
24.70688563
24.83983546
24.97189092
25.10304247
25.23328088
25.36259717
25.49098265
25.61842894
25.74492793
25.87047182
25.99505308
26.1186645
26.24129917
26.36295046
26.48361206
26.60327796
26.72194247
26.83960019
26.95624604
27.07187525
27.18648336
27.30006623
27.41262002
27.52414124
27.63462668
27.74407347
27.85247906
27.9598412
28.06615799
28.17142782
28.27564942
28.37882184
28.48094445
28.58201694
28.68203931
28.78101191
28.87893539
28.97581072
29.07163919
29.16642243
29.26016235
29.35286122
29.44452159
29.53514635
29.6247387
29.71330214
29.80084049
29.88735788
29.97285876
30.05734785
30.14083021
30.22331118
30.30479642
30.38529187
30.46480376
30.54333863
30.62090329
30.69750485
30.7731507
30.8478485
30.92160619
30.994432
31.0663344
31.13732214
31.20740423
31.27658994
31.34488878
31.41231053
31.47886518
31.54456299
31.60941444
31.67343023
31.73662131
31.79899882
31.86057413
31.92135881
31.98136463
32.04060355
32.09908773
32.15682951
32.2138414
32.27013609
32.32572641
32.38062537
32.43484612
32.48840194
32.54130626
32.59357262
32.64521469
32.69624624
32.74668115
32.79653339
32.845817
32.89454612
32.94273494
32.99039772
33.03754875
33.08420236
33.13037294
33.17607485
33.22132251
33.26613029
33.31051259
33.35448375
33.39805811
33.44124993
33.48407346
33.52654283
33.56867214
33.61047537
33.65196639
33.69315898
33.73406679
33.7747033
33.81508187
33.85521568
33.89511773
33.93480083
33.97427757
34.01356035
34.0526613
34.09159233
34.13036506
34.16899086
34.20748077
34.24584555
34.28409564
34.32224111
34.36029169
34.39825676
34.43614528
34.47396581
34.5117265
34.54943505
34.58709872
34.62472429
34.66231803
34.69988572
34.73743261
34.77496341
34.81248225
34.84999269
34.88749767
34.92499954
34.96249997
35
35.03750007
35.07500104
35.11250521
35.15001636
35.18753967
35.22508171
35.26265037
35.30025479
35.33790536
35.37561364
35.41339234
35.45125522
35.48921711
35.52729382
35.56550212
35.60385971
35.64238511
35.68109771
35.72001767
35.75916588
35.79856396
35.83823418
35.87819944
35.91848323
35.95910959
36.00010308
36.04148874
36.08329205
36.12553891
36.16825559
36.21146869
36.25520515
36.29949216
36.34435716
36.38982783
36.435932
36.48269768
36.53015301
36.5783262
36.62724555
36.67693939
36.7274361
36.77876399
36.83095139
36.88402653
36.93801757
36.99295255
37.04885939
37.10576584
37.16369948
37.22268768
37.2827576
37.34393612
37.40624991
37.46972532
37.53438841
37.6002649
37.66738019
37.73575932
37.80542695
37.87640735
37.94872437
38.02240146
38.0974616
38.17392734
38.25182075
38.33116343
38.41197646
38.49428044
38.57809543
38.66344095
38.750336
38.838799
38.92884782
39.02049973
39.11377144
39.20867905
39.30523806
39.40346333
39.50336914
39.60496911
39.70827624
39.81330286
39.92006067
40.02856073
40.13881339
40.25082837
40.3646147
40.48018075
40.59753418
40.71668199
40.83763047
40.96038524
41.08495121
41.21133259
41.33953291
41.46955497
41.60140089
41.73507208
41.87056924
42.00789238
42.14704079
42.28801307
42.4308071
42.57542008
42.72184848
42.87008809
43.020134
43.1719806
43.3256216
43.48104999
43.63825811
43.79723759
43.95797938
44.12047378
44.28471037
44.45067812
44.61836529
44.78775951
44.95884774
45.1316163
45.30605086
45.48213648
45.65985756
45.83919788
46.02014063
46.20266837
46.38676305
46.57240604
46.75957811
46.94825947
47.13842974
47.33006799
47.5231527
47.71766186
47.91357287
48.11086263
48.30950751
48.50948337
48.71076558
48.91332899
49.117148
49.32219652
49.528448
49.73587544
49.94445141
50.15414803
50.36493701
50.57678966
50.78967687
51.00356916
51.21843668
51.43424919
51.65097612
51.86858655
52.08704924
52.30633262
52.52640483
52.74723368
52.96878675
53.19103131
53.4139344
53.63746279
53.86158303
54.08626146
54.3114642
54.53715718
54.76330614
54.98987666
55.21683417
55.44414393
55.67177111
55.89968072
56.12783769
56.35620686
56.58475297
56.81344073
57.04223476
57.27109966
57.5
57.72890034
57.95776524
58.18655927
58.41524703
58.64379314
58.87216231
59.10031928
59.32822889
59.55585607
59.78316583
60.01012334
60.23669386
60.46284282
60.6885358
60.91373854
61.13841697
61.36253721
61.5860656
61.80896869
62.03121325
62.25276632
62.47359517
62.69366738
62.91295076
63.13141345
63.34902388
63.56575081
63.78156332
63.99643084
64.21032313
64.42321034
64.63506299
64.84585197
65.05554859
65.26412456
65.471552
65.67780348
65.882852
66.08667101
66.28923442
66.49051663
66.69049249
66.88913737
67.08642713
67.28233814
67.4768473
67.66993201
67.86157026
68.05174053
68.24042189
68.42759396
68.61323695
68.79733163
68.97985937
69.16080212
69.34014244
69.51786352
69.69394914
69.8683837
70.04115226
70.21224049
70.38163471
70.54932188
70.71528963
70.87952622
71.04202062
71.20276241
71.36174189
71.51895001
71.6743784
71.8280194
71.979866
72.12991191
72.27815152
72.42457992
72.5691929
72.71198693
72.85295921
72.99210762
73.12943076
73.26492792
73.39859911
73.53044503
73.66046709
73.78866741
73.91504879
74.03961476
74.16236953
74.28331801
74.40246582
74.51981925
74.6353853
74.74917163
74.86118661
74.97143927
75.07993933
75.18669714
75.29172376
75.39503089
75.49663086
75.59653667
75.69476194
75.79132095
75.88622856
75.97950027
76.07115218
76.161201
76.249664
76.33655905
76.42190457
76.50571956
76.58802354
76.66883657
76.74817925
76.82607266
76.9025384
76.97759854
77.05127563
77.12359265
77.19457305
77.26424068
77.33261981
77.3997351
77.46561159
77.53027468
77.59375009
77.65606388
77.7172424
77.77731232
77.83630052
77.89423416
77.95114061
78.00704745
78.06198243
78.11597347
78.16904861
78.22123601
78.2725639
78.32306061
78.37275445
78.4216738
78.46984699
78.51730232
78.564068
78.61017217
78.65564284
78.70050784
78.74479485
78.78853131
78.83174441
78.87446109
78.91670795
78.95851126
78.99989692
79.04089041
79.08151677
79.12180056
79.16176582
79.20143604
79.24083412
79.27998233
79.31890229
79.35761489
79.39614029
79.43449788
79.47270618
79.51078289
79.54874478
79.58660766
79.62438636
79.66209464
79.69974521
79.73734963
79.77491829
79.81246033
79.84998364
79.88749479
79.92499896
79.96249993
80
80.0375
80.07500004
80.11250022
80.15000068
80.18750166
80.22500343
80.26250632
80.30001072
80.33751707
80.37502588
80.41253769
80.45005308
80.48757272
80.52509728
80.56262749
80.60016414
80.63770804
80.67526004
80.71282105
80.75039199
80.78797384
80.8255676
80.8631743
80.90079501
80.93843083
80.97608288
81.01375233
81.05144034
81.08914814
81.12687694
81.164628
81.20240259
81.24020201
81.27802758
81.31588061
81.35376247
81.39167452
81.42961813
81.4675947
81.50560563
81.54365234
81.58173625
81.6198588
81.65802144
81.69622562
81.73447279
81.77276442
81.81110198
81.84948694
81.88792077
81.92640495
81.96494095
82.00353026
82.04217435
82.08087469
82.11963275
82.15845002
82.19732794
82.23626798
82.2752716
82.31434024
82.35347535
82.39267835
82.43195068
82.47129375
82.51070896
82.55019772
82.5897614
82.62940137
82.66911901
82.70891566
82.74879265
82.7887513
82.82879291
82.86891879
82.9091302
82.94942839
82.98981463
83.03029011
83.07085607
83.11151367
83.1522641
83.1931085
83.234048
83.27508372
83.31621675
83.35744815
83.39877898
83.44021027
83.48174302
83.52337821
83.56511681
83.60695975
83.64890795
83.69096231
83.73312368
83.77539292
83.81777085
83.86025825
83.90285591
83.94556457
83.98838494
84.03131773
84.0743636
84.11752319
84.16079714
84.20418602
84.2476904
84.29131082
84.3350478
84.37890182
84.42287334
84.46696279
84.51117058
84.55549709
84.59994266
84.64450762
84.68919227
84.73399688
84.77892168
84.8239669
84.86913272
84.91441929
84.95982675
85.00535522
85.05100475
85.09677541
85.14266721
85.18868015
85.2348142
85.2810693
85.32744536
85.37394227
85.42055989
85.46729805
85.51415655
85.56113518
85.60823369
85.6554518
85.70278921
85.7502456
85.79782061
85.84551386
85.89332495
85.94125345
85.98929891
86.03746083
86.08573872
86.13413205
86.18264025
86.23126275
86.27999894
86.3288482
86.37780987
86.42688327
86.47606771
86.52536246
86.57476678
86.62427989
86.67390101
86.72362932
86.77346399
86.82340416
86.87344895
86.92359745
86.97384876
87.02420193
87.074656
87.12520998
87.17586288
87.22661368
87.27746133
87.32840478
87.37944295
87.43057474
87.48179905
87.53311475
87.58452068
87.63601568
87.68759858
87.73926818
87.79102326
87.8428626
87.89478496
87.94678907
87.99887367
88.05103748
88.10327918
88.15559748
88.20799105
88.26045855
88.31299862
88.36560992
88.41829106
88.47104067
88.52385735
88.5767397
88.6296863
88.68269573
88.73576657
88.78889736
88.84208666
88.89533301
88.94863496
89.00199102
89.05539973
89.1088596
89.16236914
89.21592686
89.26953125
89.32318082
89.37687405
89.43060944
89.48438547
89.53820062
89.59205338
89.64594221
89.6998656
89.75382203
89.80780995
89.86182786
89.91587422
89.96994751
90.02404621
90.07816878
90.13231371
90.18647948
90.24066457
90.29486746
90.34908665
90.40332062
90.45756788
90.51182692
90.56609625
90.62037438
90.67465983
90.72895112
90.78324678
90.83754534
90.89184536
90.94614537
91.00044395
91.05473965
91.10903106
91.16331675
91.21759533
91.2718654
91.32612557
91.38037448
91.43461075
91.48883304
91.54304
91.59723031
91.65140265
91.70555573
91.75968824
91.81379892
91.8678865
91.92194974
91.9759874
92.02999826
92.08398112
92.13793479
92.1918581
92.24574989
92.29960903
92.35343439
92.40722486
92.46097936
92.51469681
92.56837617
92.62201639
92.67561646
92.72917538
92.78269218
92.83616589
92.88959557
92.9429803
92.99631918
93.04961134
93.10285591
93.15605204
93.20919893
93.26229578
93.3153418
93.36833625
93.42127839
93.4741675
93.52700291
93.57978394
93.63250995
93.68518032
93.73779445
93.79035175
93.84285168
93.89529371
93.94767733
94.00000205
94.05226742
94.10447299
94.15661836
94.20870313
94.26072695
94.31268946
94.36459035
94.41642933
94.46820612
94.51992049
94.5715722
94.62316107
94.67468692
94.72614959
94.77754897
94.82888496
94.88015747
94.93136646
94.9825119
95.03359377
95.08461212
95.13556696
95.18645839
95.23728647
95.28805134
95.33875312
95.38939198
95.43996811
95.49048171
95.54093302
95.59132228
95.64164978
95.69191581
95.7421207
95.79226478
95.84234843
95.89237204
95.942336
95.99224075
96.04208675
96.09187446
96.14160438
96.19127701
96.24089289
96.29045258
96.33995664
96.38940566
96.43880025
96.48814104
96.53742867
96.5866638
96.63584712
96.68497932
96.7340611
96.78309321
96.83207637
96.88101135
96.92989892
96.97873987
97.027535
97.07628511
97.12499104
97.17365363
97.22227371
97.27085215
97.31938982
97.3678876
97.41634637
97.46476704
97.5131505
97.56149768
97.60980948
97.65808683
97.70633066
97.75454191
97.80272151
97.8508704
97.89898952
97.94707982
97.99514225
98.04317775
98.09118725
98.13917172
98.18713208
98.23506927
98.28298423
98.33087788
98.37875114
98.42660493
98.47444016
98.52225772
98.57005851
98.61784339
98.66561324
98.71336891
98.76111125
98.80884107
98.85655918
98.90426638
98.95196345
98.99965113
99.04733018
99.09500129
99.14266516
99.19032246
99.23797383
99.2856199
99.33326125
99.38089845
99.42853202
99.47616248
99.52379028
99.57141586
99.61903964
99.66666196
99.71428316
99.76190352
99.8095233
99.85714269
99.90476187
99.95238095
100
100.0476191
100.0952384
100.1428586
100.1904809
100.2381067
100.285738
100.333377
100.3810264
100.4286892
100.476369
100.5240694
100.5717944
100.6195485
100.6673365
100.7151632
100.763034
100.8109544
100.8589302
100.9069676
100.9550729
101.0032525
101.0515134
101.0998624
101.1483068
101.1968539
101.2455113
101.2942868
101.3431883
101.3922238
101.4414015
101.4907298
101.5402172
101.5898722
101.6397035
101.68972
101.7399306
101.7903442
101.84097
101.891817
101.9428944
101.9942116
102.0457778
102.0976023
102.1496946
102.202064
102.25472
102.307672
102.3609295
102.4145018
102.4683984
102.5226288
102.5772023
102.6321284
102.6874162
102.7430752
102.7991147
102.8555437
102.9123715
102.9696071
103.0272597
103.085338
103.1438511
103.2028077
103.2622165
103.3220862
103.3824252
103.443242
103.504545
103.5663422
103.6286419
103.691452
103.7547803
103.8186347
103.8830226
103.9479516
104.013429
104.0794621
104.1460578
104.213223
104.2809646
104.3492891
104.418203
104.4877126
104.557824
104.6285432
104.6998759
104.7718278
104.8444044
104.9176109
104.9914524
105.0659339
105.1410602
105.2168357
105.2932649
105.370352
105.448101
105.5265156
105.6055996
105.6853563
105.765789
105.8469007
105.9286944
106.0111726
106.0943377
106.1781921
106.2627379
106.3479767
106.4339104
106.5205403
106.6078677
106.6958937
106.784619
106.8740443
106.9641701
107.0549965
107.1465235
107.2387511
107.3316787
107.4253058
107.5196316
107.6146551
107.7103751
107.8067901
107.9038986
108.0016986
108.1001883
108.1993652
108.2992272
108.3997714
108.5009951
108.6028953
108.7054686
108.8087118
108.9126211
109.0171929
109.1224229
109.2283072
109.3348412
109.4420204
109.54984
109.658295
109.7673804
109.8770908
109.9874207
110.0983644
110.209916
110.3220696
110.4348187
110.5481572
110.6620783
110.7765755
110.8916416
111.0072698
111.1234528
111.240183
111.3574531
111.4752553
111.5935817
111.7124243
111.8317749
111.9516253
112.0719668
112.192791
112.314089
112.435852
112.558071
112.6807368
112.80384
112.9273713
113.0513211
113.1756798
113.3004376
113.4255845
113.5511105
113.6770056
113.8032594
113.9298615
114.0568017
114.1840692
114.3116534
114.4395437
114.5677291
114.6961987
114.8249415
114.9539464
115.0832022
115.2126977
115.3424216
115.4723624
115.6025087
115.732849
115.8633716
115.9940649
116.1249173
116.2559169
116.387052
116.5183106
116.649681
116.7811512
116.9127092
117.044343
117.1760406
117.30779
117.4395791
117.5713957
117.7032279
117.8350634
117.9668901
118.098696
118.2304688
118.3621964
118.4938667
118.6254676
118.7569869
118.8884126
119.0197326
119.1509348
119.2820071
119.4129376
119.5437143
119.6743252
119.8047585
119.9350022
120.0650445
120.1948737
120.3244779
120.4538457
120.5829652
120.711825
120.8404136
120.9687195
121.0967313
121.2244379
121.3518279
121.4788902
121.6056138
121.7319876
121.8580009
121.9836428
122.1089026
122.2337698
122.3582337
122.4822841
122.6059105
122.7291029
122.8518512
122.9741453
123.0959755
123.217332
123.3382052
123.4585857
123.578464
123.697831
123.8166776
123.9349948
124.0527738
124.1700059
124.2866827
124.4027957
124.5183366
124.6332975
124.7476704
124.8614474
124.974621
125.0871838
125.1991283
125.3104476
125.4211346
125.5311824
125.6405846
125.7493346
125.8574262
125.9648532
126.0716097
126.1776899
126.2830884
126.3877997
126.4918187
126.5951402
126.6977595
126.7996719
126.9008731
127.0013587
127.1011247
127.2001673
127.2984827
127.3960675
127.4929185
127.5890325
127.6844067
127.7790385
127.8729253
127.9660649
128.0584552
128.1500945
128.240981
128.3311133
128.4204901
128.5091106
128.5969737
128.6840789
128.7704259
128.8560144
128.9408444
129.0249161
129.10823
129.1907868
129.2725872
129.3536323
129.4339234
129.5134619
129.5922496
129.6702883
129.7475801
129.8241272
129.8999322
129.9749978
130.0493269
130.1229226
130.1957881
130.2679271
130.3393431
130.4100401
130.4800222
130.5492937
130.617859
130.6857228
130.75289
130.8193656
130.8851548
130.9502631
131.014696
131.0784593
131.141559
131.2040011
131.265792
131.3269381
131.3874461
131.4473227
131.5065749
131.5652099
131.6232347
131.680657
131.7374841
131.7937239
131.8493842
131.904473
131.9589984
132.0129686
132.066392
132.1192771
132.1716325
132.223467
132.2747895
132.3256087
132.3759339
132.4257741
132.4751385
132.5240366
132.5724777
132.6204713
132.6680269
132.7151542
132.7618628
132.8081625
132.8540631
132.8995743
132.9447062
132.9894686
133.0338713
133.0779244
133.1216379
133.1650217
133.2080857
133.25084
133.2932945
133.3354591
133.3773437
133.4189584
133.4603127
133.5014166
133.5422798
133.582912
133.6233227
133.6635215
133.7035178
133.7433209
133.7829401
133.8223845
133.8616631
133.9007847
133.9397581
133.9785919
134.0172945
134.0558742
134.094339
134.1326969
134.1709556
134.2091225
134.247205
134.28521
134.3231446
134.3610151
134.3988281
134.4365894
134.474305
134.5119803
134.5496205
134.5872305
134.6248149
134.6623778
134.6999233
134.7374548
134.7749754
134.8124881
134.8499951
134.8874984
134.9249997
134.9625
135
135.0375001
135.075001
135.1125052
135.1500164
135.1875397
135.2250817
135.2626504
135.3002548
135.3379054
135.3756136
135.4133923
135.4512552
135.4892171
135.5272938
135.5655021
135.6038597
135.6423851
135.6810977
135.7200177
135.7591659
135.798564
135.8382342
135.8781994
135.9184832
135.9591096
136.0001031
136.0414887
136.0832921
136.1255389
136.1682556
136.2114687
136.2552051
136.2994922
136.3443572
136.3898278
136.435932
136.4826977
136.530153
136.5783262
136.6272455
136.6769394
136.7274361
136.778764
136.8309514
136.8840265
136.9380176
136.9929525
137.0488594
137.1057658
137.1636995
137.2226877
137.2827576
137.3439361
137.4062499
137.4697253
137.5343884
137.6002649
137.6673802
137.7357593
137.805427
137.8764074
137.9487244
138.0224015
138.0974616
138.1739273
138.2518208
138.3311634
138.4119765
138.4942804
138.5780954
138.663441
138.750336
138.838799
138.9288478
139.0204997
139.1137714
139.2086791
139.3052381
139.4034633
139.5033691
139.6049691
139.7082762
139.8133029
139.9200607
140.0285607
140.1388134
140.2508284
140.3646147
140.4801807
140.5975342
140.716682
140.8376305
140.9603852
141.0849512
141.2113326
141.3395329
141.469555
141.6014009
141.7350721
141.8705692
142.0078924
142.1470408
142.2880131
142.4308071
142.5754201
142.7218485
142.8700881
143.020134
143.1719806
143.3256216
143.48105
143.6382581
143.7972376
143.9579794
144.1204738
144.2847104
144.4506781
144.6183653
144.7877595
144.9588477
145.1316163
145.3060509
145.4821365
145.6598576
145.8391979
146.0201406
146.2026684
146.386763
146.572406
146.7595781
146.9482595
147.1384297
147.330068
147.5231527
147.7176619
147.9135729
148.1108626
148.3095075
148.5094834
148.7107656
148.913329
149.117148
149.3221965
149.528448
149.7358754
149.9444514
150.154148
150.364937
150.5767897
150.7896769
151.0035692
151.2184367
151.4342492
151.6509761
151.8685866
152.0870492
152.3063326
152.5264048
152.7472337
152.9687868
153.1910313
153.4139344
153.6374628
153.861583
154.0862615
154.3114642
154.5371572
154.7633061
154.9898767
155.2168342
155.4441439
155.6717711
155.8996807
156.1278377
156.3562069
156.584753
156.8134407
157.0422348
157.2710997
157.5
157.7289003
157.9577652
158.1865593
158.415247
158.6437931
158.8721623
159.1003193
159.3282289
159.5558561
159.7831658
160.0101233
160.2366939
160.4628428
160.6885358
160.9137385
161.138417
161.3625372
161.5860656
161.8089687
162.0312132
162.2527663
162.4735952
162.6936674
162.9129508
163.1314134
163.3490239
163.5657508
163.7815633
163.9964308
164.2103231
164.4232103
164.635063
164.845852
165.0555486
165.2641246
165.471552
165.6778035
165.882852
166.086671
166.2892344
166.4905166
166.6904925
166.8891374
167.0864271
167.2823381
167.4768473
167.669932
167.8615703
168.0517405
168.2404219
168.427594
168.613237
168.7973316
168.9798594
169.1608021
169.3401424
169.5178635
169.6939491
169.8683837
170.0411523
170.2122405
170.3816347
170.5493219
170.7152896
170.8795262
171.0420206
171.2027624
171.3617419
171.51895
171.6743784
171.8280194
171.979866
172.1299119
172.2781515
172.4245799
172.5691929
172.7119869
172.8529592
172.9921076
173.1294308
173.2649279
173.3985991
173.530445
173.6604671
173.7886674
173.9150488
174.0396148
174.1623695
174.283318
174.4024658
174.5198193
174.6353853
174.7491716
174.8611866
174.9714393
175.0799393
175.1866971
175.2917238
175.3950309
175.4966309
175.5965367
175.6947619
175.7913209
175.8862286
175.9795003
176.0711522
176.161201
176.249664
176.336559
176.4219046
176.5057196
176.5880235
176.6688366
176.7481792
176.8260727
176.9025384
176.9775985
177.0512756
177.1235926
177.194573
177.2642407
177.3326198
177.3997351
177.4656116
177.5302747
177.5937501
177.6560639
177.7172424
177.7773123
177.8363005
177.8942342
177.9511406
178.0070475
178.0619824
178.1159735
178.1690486
178.221236
178.2725639
178.3230606
178.3727545
178.4216738
178.469847
178.5173023
178.564068
178.6101722
178.6556428
178.7005078
178.7447949
178.7885313
178.8317444
178.8744611
178.9167079
178.9585113
178.9998969
179.0408904
179.0815168
179.1218006
179.1617658
179.201436
179.2408341
179.2799823
179.3189023
179.3576149
179.3961403
179.4344979
179.4727062
179.5107829
179.5487448
179.5866077
179.6243864
179.6620946
179.6997452
179.7373496
179.7749183
179.8124603
179.8499836
179.8874948
179.924999
179.9624999
180
180.0375
180.075
180.1125002
180.1500007
180.1875017
180.2250034
180.2625063
180.3000107
180.3375171
180.3750259
180.4125377
180.4500531
180.4875727
180.5250973
180.5626275
180.6001641
180.637708
180.67526
180.712821
180.750392
180.7879738
180.8255676
180.8631743
180.900795
180.9384308
180.9760829
181.0137523
181.0514403
181.0891481
181.1268769
181.164628
181.2024026
181.240202
181.2780276
181.3158806
181.3537625
181.3916745
181.4296181
181.4675947
181.5056056
181.5436523
181.5817363
181.6198588
181.6580214
181.6962256
181.7344728
181.7727644
181.811102
181.8494869
181.8879208
181.9264049
181.964941
182.0035303
182.0421743
182.0808747
182.1196328
182.15845
182.1973279
182.236268
182.2752716
182.3143402
182.3534753
182.3926784
182.4319507
182.4712937
182.510709
182.5501977
182.5897614
182.6294014
182.669119
182.7089157
182.7487926
182.7887513
182.8287929
182.8689188
182.9091302
182.9494284
182.9898146
183.0302901
183.0708561
183.1115137
183.1522641
183.1931085
183.234048
183.2750837
183.3162167
183.3574482
183.398779
183.4402103
183.481743
183.5233782
183.5651168
183.6069597
183.648908
183.6909623
183.7331237
183.7753929
183.8177708
183.8602583
183.9028559
183.9455646
183.9883849
184.0313177
184.0743636
184.1175232
184.1607971
184.204186
184.2476904
184.2913108
184.3350478
184.3789018
184.4228733
184.4669628
184.5111706
184.5554971
184.5999427
184.6445076
184.6891923
184.7339969
184.7789217
184.8239669
184.8691327
184.9144193
184.9598268
185.0053552
185.0510048
185.0967754
185.1426672
185.1886802
185.2348142
185.2810693
185.3274454
185.3739423
185.4205599
185.467298
185.5141566
185.5611352
185.6082337
185.6554518
185.7027892
185.7502456
185.7978206
185.8455139
185.893325
185.9412535
185.9892989
186.0374608
186.0857387
186.134132
186.1826402
186.2312627
186.2799989
186.3288482
186.3778099
186.4268833
186.4760677
186.5253625
186.5747668
186.6242799
186.673901
186.7236293
186.773464
186.8234042
186.8734489
186.9235975
186.9738488
187.0242019
187.074656
187.12521
187.1758629
187.2266137
187.2774613
187.3284048
187.3794429
187.4305747
187.4817991
187.5331147
187.5845207
187.6360157
187.6875986
187.7392682
187.7910233
187.8428626
187.894785
187.9467891
187.9988737
188.0510375
188.1032792
188.1555975
188.207991
188.2604585
188.3129986
188.3656099
188.4182911
188.4710407
188.5238574
188.5767397
188.6296863
188.6826957
188.7357666
188.7888974
188.8420867
188.895333
188.948635
189.001991
189.0553997
189.1088596
189.1623691
189.2159269
189.2695313
189.3231808
189.3768741
189.4306094
189.4843855
189.5382006
189.5920534
189.6459422
189.6998656
189.753822
189.80781
189.8618279
189.9158742
189.9699475
190.0240462
190.0781688
190.1323137
190.1864795
190.2406646
190.2948675
190.3490866
190.4033206
190.4575679
190.5118269
190.5660962
190.6203744
190.6746598
190.7289511
190.7832468
190.8375453
190.8918454
190.9461454
191.0004439
191.0547396
191.1090311
191.1633168
191.2175953
191.2718654
191.3261256
191.3803745
191.4346108
191.488833
191.54304
191.5972303
191.6514027
191.7055557
191.7596882
191.8137989
191.8678865
191.9219497
191.9759874
192.0299983
192.0839811
192.1379348
192.1918581
192.2457499
192.299609
192.3534344
192.4072249
192.4609794
192.5146968
192.5683762
192.6220164
192.6756165
192.7291754
192.7826922
192.8361659
192.8895956
192.9429803
192.9963192
193.0496113
193.1028559
193.156052
193.2091989
193.2622958
193.3153418
193.3683362
193.4212784
193.4741675
193.5270029
193.5797839
193.63251
193.6851803
193.7377944
193.7903517
193.8428517
193.8952937
193.9476773
194.000002
194.0522674
194.104473
194.1566184
194.2087031
194.2607269
194.3126895
194.3645904
194.4164293
194.4682061
194.5199205
194.5715722
194.6231611
194.6746869
194.7261496
194.777549
194.828885
194.8801575
194.9313665
194.9825119
195.0335938
195.0846121
195.135567
195.1864584
195.2372865
195.2880513
195.3387531
195.389392
195.4399681
195.4904817
195.540933
195.5913223
195.6416498
195.6919158
195.7421207
195.7922648
195.8423484
195.892372
195.942336
195.9922408
196.0420868
196.0918745
196.1416044
196.191277
196.2408929
196.2904526
196.3399566
196.3894057
196.4388003
196.488141
196.5374287
196.5866638
196.6358471
196.6849793
196.7340611
196.7830932
196.8320764
196.8810114
196.9298989
196.9787399
197.027535
197.0762851
197.124991
197.1736536
197.2222737
197.2708521
197.3193898
197.3678876
197.4163464
197.464767
197.5131505
197.5614977
197.6098095
197.6580868
197.7063307
197.7545419
197.8027215
197.8508704
197.8989895
197.9470798
197.9951422
198.0431777
198.0911873
198.1391717
198.1871321
198.2350693
198.2829842
198.3308779
198.3787511
198.4266049
198.4744402
198.5222577
198.5700585
198.6178434
198.6656132
198.7133689
198.7611112
198.8088411
198.8565592
198.9042664
198.9519634
198.9996511
199.0473302
199.0950013
199.1426652
199.1903225
199.2379738
199.2856199
199.3332613
199.3808985
199.428532
199.4761625
199.5237903
199.5714159
199.6190396
199.666662
199.7142832
199.7619035
199.8095233
199.8571427
199.9047619
199.952381
200
200.0476191
200.0952384
200.1428586
200.1904809
200.2381067
200.285738
200.333377
200.3810264
200.4286892
200.476369
200.5240694
200.5717944
200.6195485
200.6673365
200.7151632
200.763034
200.8109544
200.8589302
200.9069676
200.9550729
201.0032525
201.0515134
201.0998624
201.1483068
201.1968539
201.2455113
201.2942868
201.3431883
201.3922238
201.4414015
201.4907298
201.5402172
201.5898722
201.6397035
201.68972
201.7399306
201.7903442
201.84097
201.891817
201.9428944
201.9942116
202.0457778
202.0976023
202.1496946
202.202064
202.25472
202.307672
202.3609295
202.4145018
202.4683984
202.5226288
202.5772023
202.6321284
202.6874162
202.7430752
202.7991147
202.8555437
202.9123715
202.9696071
203.0272597
203.085338
203.1438511
203.2028077
203.2622165
203.3220862
203.3824252
203.443242
203.504545
203.5663422
203.6286419
203.691452
203.7547803
203.8186347
203.8830226
203.9479516
204.013429
204.0794621
204.1460578
204.213223
204.2809646
204.3492891
204.418203
204.4877126
204.557824
204.6285432
204.6998759
204.7718278
204.8444044
204.9176109
204.9914524
205.0659339
205.1410602
205.2168357
205.2932649
205.370352
205.448101
205.5265156
205.6055996
205.6853563
205.765789
205.8469007
205.9286944
206.0111726
206.0943377
206.1781921
206.2627379
206.3479767
206.4339104
206.5205403
206.6078677
206.6958937
206.784619
206.8740443
206.9641701
207.0549965
207.1465235
207.2387511
207.3316787
207.4253058
207.5196316
207.6146551
207.7103751
207.8067901
207.9038986
208.0016986
208.1001883
208.1993652
208.2992272
208.3997714
208.5009951
208.6028953
208.7054686
208.8087118
208.9126211
209.0171929
209.1224229
209.2283072
209.3348412
209.4420204
209.54984
209.658295
209.7673804
209.8770908
209.9874207
210.0983644
210.209916
210.3220696
210.4348187
210.5481572
210.6620783
210.7765755
210.8916416
211.0072698
211.1234528
211.240183
211.3574531
211.4752553
211.5935817
211.7124243
211.8317749
211.9516253
212.0719668
212.192791
212.314089
212.435852
212.558071
212.6807368
212.80384
212.9273713
213.0513211
213.1756798
213.3004376
213.4255845
213.5511105
213.6770056
213.8032594
213.9298615
214.0568017
214.1840692
214.3116534
214.4395437
214.5677291
214.6961987
214.8249415
214.9539464
215.0832022
215.2126977
215.3424216
215.4723624
215.6025087
215.732849
215.8633716
215.9940649
216.1249173
216.2559169
216.387052
216.5183106
216.649681
216.7811512
216.9127092
217.044343
217.1760406
217.30779
217.4395791
217.5713957
217.7032279
217.8350634
217.9668901
218.098696
218.2304688
218.3621964
218.4938667
218.6254676
218.7569869
218.8884126
219.0197326
219.1509348
219.2820071
219.4129376
219.5437143
219.6743252
219.8047585
219.9350022
220.0650445
220.1948737
220.3244779
220.4538457
220.5829652
220.711825
220.8404136
220.9687195
221.0967313
221.2244379
221.3518279
221.4788902
221.6056138
221.7319876
221.8580009
221.9836428
222.1089026
222.2337698
222.3582337
222.4822841
222.6059105
222.7291029
222.8518512
222.9741453
223.0959755
223.217332
223.3382052
223.4585857
223.578464
223.697831
223.8166776
223.9349948
224.0527738
224.1700059
224.2866827
224.4027957
224.5183366
224.6332975
224.7476704
224.8614474
224.974621
225.0871838
225.1991283
225.3104476
225.4211346
225.5311824
225.6405846
225.7493346
225.8574262
225.9648532
226.0716097
226.1776899
226.2830884
226.3877997
226.4918187
226.5951402
226.6977595
226.7996719
226.9008731
227.0013587
227.1011247
227.2001673
227.2984827
227.3960675
227.4929185
227.5890325
227.6844067
227.7790385
227.8729253
227.9660649
228.0584552
228.1500945
228.240981
228.3311133
228.4204901
228.5091106
228.5969737
228.6840789
228.7704259
228.8560144
228.9408444
229.0249161
229.10823
229.1907868
229.2725872
229.3536323
229.4339234
229.5134619
229.5922496
229.6702883
229.7475801
229.8241272
229.8999322
229.9749978
230.0493269
230.1229226
230.1957881
230.2679271
230.3393431
230.4100401
230.4800222
230.5492937
230.617859
230.6857228
230.75289
230.8193656
230.8851548
230.9502631
231.014696
231.0784593
231.141559
231.2040011
231.265792
231.3269381
231.3874461
231.4473227
231.5065749
231.5652099
231.6232347
231.680657
231.7374841
231.7937239
231.8493842
231.904473
231.9589984
232.0129686
232.066392
232.1192771
232.1716325
232.223467
232.2747895
232.3256087
232.3759339
232.4257741
232.4751385
232.5240366
232.5724777
232.6204713
232.6680269
232.7151542
232.7618628
232.8081625
232.8540631
232.8995743
232.9447062
232.9894686
233.0338713
233.0779244
233.1216379
233.1650217
233.2080857
233.25084
233.2932945
233.3354591
233.3773437
233.4189584
233.4603127
233.5014166
233.5422798
233.582912
233.6233227
233.6635215
233.7035178
233.7433209
233.7829401
233.8223845
233.8616631
233.9007847
233.9397581
233.9785919
234.0172945
234.0558742
234.094339
234.1326969
234.1709556
234.2091225
234.247205
234.28521
234.3231446
234.3610151
234.3988281
234.4365894
234.474305
234.5119803
234.5496205
234.5872305
234.6248149
234.6623778
234.6999233
234.7374548
234.7749754
234.8124881
234.8499951
234.8874984
234.9249997
234.9625
235
235.0375001
235.075001
235.1125052
235.1500164
235.1875397
235.2250817
235.2626504
235.3002548
235.3379054
235.3756136
235.4133923
235.4512552
235.4892171
235.5272938
235.5655021
235.6038597
235.6423851
235.6810977
235.7200177
235.7591659
235.798564
235.8382342
235.8781994
235.9184832
235.9591096
236.0001031
236.0414887
236.0832921
236.1255389
236.1682556
236.2114687
236.2552051
236.2994922
236.3443572
236.3898278
236.435932
236.4826977
236.530153
236.5783262
236.6272455
236.6769394
236.7274361
236.778764
236.8309514
236.8840265
236.9380176
236.9929525
237.0488594
237.1057658
237.1636995
237.2226877
237.2827576
237.3439361
237.4062499
237.4697253
237.5343884
237.6002649
237.6673802
237.7357593
237.805427
237.8764074
237.9487244
238.0224015
238.0974616
238.1739273
238.2518208
238.3311634
238.4119765
238.4942804
238.5780954
238.663441
238.750336
238.838799
238.9288478
239.0204997
239.1137714
239.2086791
239.3052381
239.4034633
239.5033691
239.6049691
239.7082762
239.8133029
239.9200607
240.0285607
240.1388134
240.2508284
240.3646147
240.4801807
240.5975342
240.716682
240.8376305
240.9603852
241.0849512
241.2113326
241.3395329
241.469555
241.6014009
241.7350721
241.8705692
242.0078924
242.1470408
242.2880131
242.4308071
242.5754201
242.7218485
242.8700881
243.020134
243.1719806
243.3256216
243.48105
243.6382581
243.7972376
243.9579794
244.1204738
244.2847104
244.4506781
244.6183653
244.7877595
244.9588477
245.1316163
245.3060509
245.4821365
245.6598576
245.8391979
246.0201406
246.2026684
246.386763
246.572406
246.7595781
246.9482595
247.1384297
247.330068
247.5231527
247.7176619
247.9135729
248.1108626
248.3095075
248.5094834
248.7107656
248.913329
249.117148
249.3221965
249.528448
249.7358754
249.9444514
250.154148
250.364937
250.5767897
250.7896769
251.0035692
251.2184367
251.4342492
251.6509761
251.8685866
252.0870492
252.3063326
252.5264048
252.7472337
252.9687868
253.1910313
253.4139344
253.6374628
253.861583
254.0862615
254.3114642
254.5371572
254.7633061
254.9898767
255.2168342
255.4441439
255.6717711
255.8996807
256.1278377
256.3562069
256.584753
256.8134407
257.0422348
257.2710997
257.5
257.7289003
257.9577652
258.1865593
258.415247
258.6437931
258.8721623
259.1003193
259.3282289
259.5558561
259.7831658
260.0101233
260.2366939
260.4628428
260.6885358
260.9137385
261.138417
261.3625372
261.5860656
261.8089687
262.0312132
262.2527663
262.4735952
262.6936674
262.9129508
263.1314134
263.3490239
263.5657508
263.7815633
263.9964308
264.2103231
264.4232103
264.635063
264.845852
265.0555486
265.2641246
265.471552
265.6778035
265.882852
266.086671
266.2892344
266.4905166
266.6904925
266.8891374
267.0864271
267.2823381
267.4768473
267.669932
267.8615703
268.0517405
268.2404219
268.427594
268.613237
268.7973316
268.9798594
269.1608021
269.3401424
269.5178635
269.6939491
269.8683837
270.0411523
270.2122405
270.3816347
270.5493219
270.7152896
270.8795262
271.0420206
271.2027624
271.3617419
271.51895
271.6743784
271.8280194
271.979866
272.1299119
272.2781515
272.4245799
272.5691929
272.7119869
272.8529592
272.9921076
273.1294308
273.2649279
273.3985991
273.530445
273.6604671
273.7886674
273.9150488
274.0396148
274.1623695
274.283318
274.4024658
274.5198193
274.6353853
274.7491716
274.8611866
274.9714393
275.0799393
275.1866971
275.2917238
275.3950309
275.4966309
275.5965367
275.6947619
275.7913209
275.8862286
275.9795003
276.0711522
276.161201
276.249664
276.336559
276.4219046
276.5057196
276.5880235
276.6688366
276.7481792
276.8260727
276.9025384
276.9775985
277.0512756
277.1235926
277.194573
277.2642407
277.3326198
277.3997351
277.4656116
277.5302747
277.5937501
277.6560639
277.7172424
277.7773123
277.8363005
277.8942342
277.9511406
278.0070475
278.0619824
278.1159735
278.1690486
278.221236
278.2725639
278.3230606
278.3727545
278.4216738
278.469847
278.5173023
278.564068
278.6101722
278.6556428
278.7005078
278.7447949
278.7885313
278.8317444
278.8744611
278.9167079
278.9585113
278.9998969
279.0408904
279.0815168
279.1218006
279.1617658
279.201436
279.2408341
279.2799823
279.3189023
279.3576149
279.3961403
279.4344979
279.4727062
279.5107829
279.5487448
279.5866077
279.6243864
279.6620946
279.6997452
279.7373496
279.7749183
279.8124603
279.8499836
279.8874948
279.924999
279.9624999
280
280.0375
280.0750002
280.112501
280.1500031
280.1875075
280.2250155
280.2625285
280.3000483
280.3375769
280.3751164
280.4126694
280.4502385
280.4878265
280.5254365
280.5630716
280.6007354
280.6384315
280.6761635
280.7139355
280.7517514
280.7896156
280.8275323
280.8655062
280.9035417
280.9416437
280.9798171
281.0180667
281.0563976
281.0948151
281.1333243
281.1719306
281.2106394
281.2494561
281.2883864
281.3274357
281.3666098
281.4059144
281.4453551
281.4849379
281.5246684
281.5645526
281.6045962
281.6448053
281.6851856
281.7257431
281.7664836
281.8074131
281.8485375
281.8898626
281.9313944
281.9731386
282.015101
282.0572876
282.099704
282.142356
282.1852493
282.2283895
282.2717822
282.315433
282.3593474
282.4035307
282.4479885
282.492726
282.5377485
282.5830611
282.6286689
282.674577
282.7207904
282.7673138
282.8141522
282.8613101
282.9087922
282.956603
283.0047469
283.0532283
283.1020513
283.1512202
283.2007388
283.2506112
283.3008411
283.3514322
283.4023881
283.4537122
283.505408
283.5574786
283.6099272
283.6627567
283.7159701
283.76957
283.8235592
283.87794
283.9327149
283.9878861
284.0434558
284.0994258
284.1557981
284.2125743
284.2697561
284.3273448
284.3853419
284.4437484
284.5025655
284.561794
284.6214346
284.681488
284.7419548
284.8028351
284.8641293
284.9258374
284.9879593
285.0504948
285.1134436
285.1768051
285.2405788
285.3047638
285.3693592
285.434364
285.499777
285.5655968
285.6318219
285.6984508
285.7654816
285.8329125
285.9007415
285.9689664
286.0375848
286.1065943
286.1759923
286.2457762
286.315943
286.3864898
286.4574134
286.5287106
286.6003781
286.6724123
286.7448095
286.817566
286.8906779
286.9641411
287.0379515
287.1121049
287.1865968
287.2614227
287.3365779
287.4120578
287.4878573
287.5639716
287.6403955
287.7171238
287.794151
287.8714719
287.9490808
288.0269721
288.1051399
288.1835785
288.2622817
288.3412436
288.4204579
288.4999183
288.5796186
288.6595521
288.7397124
288.8200927
288.9006864
288.9814865
289.0624861
289.1436783
289.225056
289.3066119
289.3883389
289.4702296
289.5522766
289.6344724
289.7168095
289.7992802
289.881877
289.964592
290.0474175
290.1303456
290.2133683
290.2964778
290.3796659
290.4629246
290.5462457
290.6296211
290.7130426
290.7965018
290.8799906
290.9635005
291.0470231
291.1305501
291.2140729
291.2975832
291.3810725
291.4645321
291.5479536
291.6313284
291.7146479
291.7979036
291.8810867
291.9641887
292.0472009
292.1301148
292.2129216
292.2956127
292.3781796
292.4606135
292.5429058
292.6250479
292.7070313
292.7888472
292.8704871
292.9519424
293.0332047
293.1142653
293.1951158
293.2757477
293.3561525
293.4363219
293.5162474
293.5959208
293.6753336
293.7544778
293.8333449
293.911927
293.9902157
294.0682031
294.1458811
294.2232418
294.3002772
294.3769795
294.4533409
294.5293536
294.6050101
294.6803026
294.7552236
294.8297658
294.9039216
294.9776839
295.0510453
295.1239987
295.1965371
295.2686534
295.3403408
295.4115925
295.4824016
295.5527617
295.6226661
295.6921084
295.7610823
295.8295816
295.8976
295.9651316
296.0321704
296.0987106
296.1647464
296.2302723
296.2952828
296.3597725
296.4237361
296.4871685
296.5500646
296.6124196
296.6742285
296.7354869
296.79619
296.8563336
296.9159133
296.974925
297.0333646
297.0912282
297.148512
297.2052126
297.2613262
297.3168496
297.3717796
297.426113
297.4798469
297.5329786
297.5855053
297.6374245
297.6887338
297.7394311
297.7895142
297.8389812
297.8878303
297.9360599
297.9836683
298.0306544
298.0770168
298.1227546
298.1678668
298.2123528
298.2562117
298.2994434
298.3420474
298.3840235
298.4253719
298.4660926
298.5061861
298.5456527
298.584493
298.6227079
298.6602982
298.6972651
298.7336098
298.7693336
298.8044381
298.838925
298.8727961
298.9060534
298.938699
298.9707352
299.0021645
299.0329895
299.0632128
299.0928374
299.1218663
299.1503027
299.1781498
299.2054111
299.2320903
299.2581911
299.2837173
299.308673
299.3330623
299.3568896
299.3801592
299.4028758
299.425044
299.4466686
299.4677546
299.4883071
299.5083312
299.5278324
299.546816
299.5652876
299.5832529
299.6007177
299.6176879
299.6341695
299.6501686
299.6656915
299.6807445
299.695334
299.7094666
299.7231489
299.7363876
299.7491896
299.7615616
299.7735107
299.7850439
299.7961684
299.8068913
299.81722
299.8271618
299.8367241
299.8459143
299.85474
299.8632087
299.8713281
299.8791058
299.8865496
299.8936671
299.9004661
299.9069545
299.9131401
299.9190306
299.9246341
299.9299582
299.935011
299.9398003
299.944334
299.9486198
299.9526658
299.9564796
299.9600692
299.9634423
299.9666065
299.9695697
299.9723395
299.9749235
299.9773292
299.9795642
299.9816358
299.9835513
299.9853182
299.9869434
299.9884341
299.9897973
299.9910398
299.9921685
299.9931899
299.9941106
299.9949369
299.9956751
299.9963313
299.9969114
299.9974213
299.9978665
299.9982524
299.9985843
299.9988673
299.9991062
299.9993057
299.9994702
299.9996039
299.9997108
299.9997947
299.999859
299.999907
299.9999416
299.9999656
299.9999813
299.9999909
299.9999963
299.9999988
299.9999998
300
300
300
300
300
300
300
300
300
300
300
300
300
300
300
300
300
300
300
300
300
300
300
300
300
300
300
300
300
300
300
300
300
300
300
300
300
300
300
300
300
300
300
300
300
300
300
300
300
300
300
300
300
300
300
300
300
300
300
300
300
300
300
300
300
300
300
300
300
300
300
300
300
300
300
300
300
300
300
300
300
300
300
300
300
300
300
300
300
300
300
300
300
300
300
300
300
300
300
300
300
300
300
300
300
300
300
300
300
300
300
300
300
300
300
300
300
300
300
300
300
300
300
300
300
300
300
300
300
300
300
300
300
300
300
300
300
300
300
300
300
300
300
300
300
300
300
300
300
300
300
300
300
300
300
300
300
300
300
300
300
300
300
300
300
300
300
300
300
300
300
300
300
300
300
300
300
300
300
300
300
300
300
300
300
300
300
300
300
300
300
300
300
300
300
300
300
300
300
300
300
300
300
300
300
300
300
300
300
300
300
300
300
300
300
300
300
300
300
300
300
300
300
300
300
300
300
300
300
300
300
300
300
300
300
300
300
300
300
300
300
300
300
300
300
300
300
300
300
300
300
300
300
300
300
300
300
300
300
300
300
300
300
300
300
300
300
300
300
300
300
300
300
300
300
300
300
300
300
300
300
300
300
300
300
300
300
300
300
300
300
300
300
300
300
300
300
300
300
300
300
300
300
300
300
300
300
300
300
300
300
300
300
300
300
300
300
300
300
300
300
300
300
300
300
300
300
300
300
300
300
300
300
300
300
300
300
300
300
300
300
300
300
300
300
300
300
300
300
300
300
300
300
300
300
300
300
300
300
300
300
300
300
300
300
300
300
300
300
300
300
300
300
300
300
300
300
300
300
300
300
300
300
300
300
300
300
300
300
300
300
300
300
300
300
300
300
300
300
300
300
300
300
300
300
300
300
300
300
300
300
300
300
300
300
300
300
300
300
300
300
300
300
300
300
300
300
300
300
300
300
300
300
300
300
300
300
300
300
300
300
300
300
300
300
300
300
300
300
300
300
300
300
300
300
300
300
300
300
300
300
300
300
300
300
300
300
300
300
300
300
300
300
300
300
300
300
300
300
300
300
300
300
300
300
300
300
300
300
300
300
300
300
300
300
300
300
300
300
300
300
300
300
300
300
300
300
300
300
300
300
300
300
300
300
300
300
300
300
300
300
300
300
300
300
300
300
300
300
300
300
300
300
300
300
300
300
300
300
300
300
300
300
300
300
300
300
300
300
300
300
300
300
300
300
300
300
300
300
300
300
300
300
300
300
300
300
300
300
300
300
300
300
300
300
300
300
300
300
300
300
300
300
300
300
300
300
300
300
300
300
300
300
300
300
300
300
300
300
300
300
300
300
300
300
300
300
300
300
300
300
300
300
300
300
300
300
300
300
300
300
300
300
300
300
300
300
300
300
300
300
300
300
300
300
300
300
300
300
300
300
300
300
300
300
300
300
300
300
300
300
300
300
300
300
300
300
300
300
300
300
300
300
300
300
300
300
300
300
300
300
300
300
300
300
300
300
300
300
300
300
300
300
300
300
300
300
300
300
300
300
300
300
300
300
300
300
300
300
300
300
300
300
300
300
300
300
300
300
300
300
300
300
300
300
300
300
300
300
300
300
300
300
300
300
300
300
300
300
300
300
300
300
300
300
300
300
300
300
300
300
300
300
300
300
300
300
300
300
300
300
300
300
300
300
300
300
300
300
300
300
300
300
300
300
300
300
300
300
300
300
300
300
300
300
300
300
300
300
300
300
300
300
300
300
300
300
300
300
300
300
300
300
300
300
300
300
300
300
300
300
300
300
300
300
300
300
300
300
300
300
300
300
300
300
300
300
300
300
300
300
300
300
300
300
300
300
300
300
300
300
300
300
300
300
300
300
300
300
300
300
300
300
300
300
300
300
300
300
300
300
300
300
300
300
300
300
300
300
300
300
300
300
300
300
300
300
300
300
300
300
300
300
300
300
300
300
300
300
300
300
300
300
300
300
300
300
300
300
300
300
300
300
300
300
300
300
300
300
300
300
300
300
300
300
300
300
300
300
300
300
300
300
300
300
300
300
300
300
300
300
300
300
300
300
300
300
300
300
300
300
300
300
300
300
300
300
300
300
300
300
300
300
300
300
300
300
300
300
300
300
300
300
300
300
300
300
300
300
300
300
300
300
300
300
300
300
300
300
300
300
300
300
300
300
300
300
300
300
300
300
300
300
300
300
300
300
300
300
300
300
300
300
300
300
300
300
300
300
300
300
300
300
300
300
300
300
300
300
300
300
300
300
300
300
300
300
300
300
300
300
300
300
300
300
300
300
300
300
300
300
300
300
300
300
300
300
300
300
300
300
300
300
300
300
300
300
300
300
300
300
300
300
300
300
300
300
300
300
300
300
300
300
300
300
300
300
300
300
300
300
300
300
300
300
300
300
300
300
300
300
300
300
300
300
300
300
300
300
300
300
300
300
300
300
300
300
300
300
300
300
300
300
300
300
300
300
300
300
300
300
300
300
300
300
300
300
300
300
300
300
300
300
300
300
300
300
300
300
300
300
300
300
300
300
300
300
300
300
300
300
300
300
300
300
300
300
300
300
300
300
300
300
300
300
300
300
300
300
300
300
300
300
300
300
300
300
300
300
300
300
300
300
300
300
300
300
300
300
300
300
300
300
300
300
300
300
300
300
300
300
300
300
300
300
300
300
300
300
300
300
300
300
300
300
300
300
300
300
300
300
300
300
300
300
300
300
300
300
300
300
300
300
300
300
300
300
300
300
300
300
300
300
300
300
300
300
300
300
300
300
300
300
300
300
300
300
300
300
300
300
300
300
300
300
300
300
300
300
300
300
300
300
300
300
300
300
300
300
300
300
300
300
300
300
300
300
300
300
300
300
300
300
300
300
300
300
300
300
300
300
300
300
300
300
300
300
300
300
300
300
300
300
300
300
300
300
300
300
300
300
300
300
300
300
300
300
300
300
300
300
300
300
300
300
300
300
300
300
300
300
300
300
300
300
300
300
300
300
300
300
300
300
300
300
300
300
300
300
300
300
300
300
300
300
300
300
300
300
300
300
300
300
300
300
300
300
300
300
300
300
300
300
300
300
300
300
300
300
300
300
300
300
300
300
300
300
300
300
300
300
300
300
300
300
300
300
300
300
300
300
300
300
300
300
300
300
300
300
300
300
300
300
300
300
300
300
300
300
300
300
300
300
300
300
300
300
300
300
300
300
300
300
300
300
300
300
300
300
300
300
300
300
300
300
300
300
300
300
300
300
300
300
300
300
300
300
300
300
300
300
300
300
300
300
300
300
300
300
300
300
300
300
300
300
300
300
300
300
300
300
300
300
300
300
300
300
300
300
300
300
300
300
300
300
300
300
300
300
300
300
300
300
300
300
300
300
300
300
300
300
300
300
300
300
300
300
300
300
300
300
300
300
300
300
300
300
300
300
300
300
300
300
300
300
300
300
300
300
300
300
300
300
300
300
300
300
300
300
300
300
300
300
300
300
300
300
300
300
300
300
300
300
300
300
300
300
300
300
300
300
300
300
300
300
300
300
300
300
300
300
300
300
300
300
300
300
300
300
300
300
300
300
300
300
300
300
300
300
300
300
300
300
300
300
300
300
300
300
300
300
300
300
300
300
300
300
300
300
300
300
300
300
300
300
300
300
300
300
300
300
300
300
300
300
300
300
300
300
300
300
300
300
300
300
300
300
300
300
300
300
300
300
300
300
300
300
300
300
300
300
300
300
300
300
300
300
300
300
300
300
300
300
300
300
300
300
300
300
300
300
300
300
300
300
300
300
300
300
300
300
300
300
300
300
300
300
300
300
300
300
300
300
300
300
300
300
300
300
300
300
300
300
300
300
300
300
300
300
300
300
300
300
300
300
300
300
300
300
300
300
300
300
300
300
300
300
300
300
300
300
300
300
300
300
300
300
300
300
300
300
300
300
300
300
300
300
300
300
300
300
300
300
300
300
300
300
300
300
300
300
300
300
300
300
300
300
300
300
300
300
300
300
300
300
300
300
300
300
300
300
300
300
300
300
300
300
300
300
300
300
300
300
300
300
300
300
300
300
300
300
300
300
300
300
300
300
300
300
300
300
300
300
300
300
300
300
300
300
300
300
300
300
300
300
300
300
300
300
300
300
300
300
300
300
300
300
300
300
300
300
300
300
300
300
300
300
300
300
300
300
300
300
300
300
300
300
300
300
300
300
300
300
300
300
300
300
300
300
300
300
300
300
300
300
300
300
300
300
300
300
300
300
300
300
300
300
300
300
300
300
300
300
300
300
300
300
300
300
300
300
300
300
300
300
300
300
300
300
300
300
300
300
300
300
300
300
300
300
300
300
300
300
300
300
300
300
300
300
300
300
300
300
300
300
300
300
300
300
300
300
300
300
300
300
300
300
300
300
300
300
300
300
300
300
300
300
300
300
300
300
300
300
300
300
300
300
300
300
300
300
300
300
300
300
300
300
300
300
300
300
300
300
300
300
300
300
300
300
300
300
300
300
300
300
300
300
300
300
300
300
300
300
300
300
300
300
300
300
300
300
300
300
300
300
300
300
300
300
300
300
300
300
300
300
300
300
300
300
300
300
300
300
300
300
300
300
300
300
300
300
300
300
300
300
300
300
300
300
300
300
300
300
300
300
300
300
300
300
300
300
300
300
300
300
300
300
300
300
300
300
300
300
300
300
300
300
300
300
300
300
300
300
300
300
300
300
300
300
300
300
300
300
300
300
300
300
300
300
300
300
300
300
300
300
300
300
300
300
300
300
300
300
300
300
300
300
300
300
300
300
300
300
300
300
300
300
300
300
300
300
300
300
300
300
300
300
300
300
300
300
300
300
300
300
300
300
300
300
300
300
300
300
300
300
300
300
300
300
300
300
300
300
300
300
300
300
300
300
300
300
300
300
300
300
300
300
300
300
300
300
300
300
300
300
300
300
300
300
300
300
300
300
300
300
300
300
300
300
300
300
300
300
300
300
300
300
300
300
300
300
300
300
300
300
300
300
300
300
300
300
300
300
300
300
300
300
300
300
300
300
300
300
300
300
300
300
300
300
300
300
300
300
300
300
300
300
300
300
300
300
300
300
300
300
300
300
300
300
300
300
300
300
300
300
300
300
300
300
300
300
300
300
300
300
300
300
300
300
300
300
300
300
300
300
300
300
300
300
300
300
300
300
300
300
300
300
300
300
300
300
300
300
300
300
300
300
300
300
300
300
300
300
300
300
300
300
300
300
300
300
300
300
300
300
300
300
300
300
300
300
300
300
300
300
300
300
300
300
300
300
300
300
300
300
300
300
300
300
300
300
300
300
300
300
300
300
300
300
300
300
300
300
300
300
300
300
300
300
300
300
300
300
300
300
300
300
300
300
300
300
300
300
300
300
300
300
300
300
300
300
300
300
300
300
300
300
300
300
300
300
300
300
300
300
300
300
300
300
300
300
300
300
300
300
300
300
300
300
300
300
300
300
300
300
300
300
300
300
300
300
300
300
300
300
300
300
300
300
300
300
300
300
300
300
300
300
300
300
300
300
300
300
300
300
300
300
300
300
300
300
300
300
300
300
300
300
300
300
300
300
300
300
300
300
300
300
300
300
300
300
300
300
300
300
300
300
300
300
300
300
300
300
300
300
300
300
300
300
300
300
300
300
300
300
300
300
300
300
300
300
300
300
300
300
300
300
300
300
300
300
300
300
300
300
300
300
300
300
300
300
300
300
300
300
300
300
300
300
300
300
300
300
300
300
300
300
300
300
300
300
300
300
300
300
300
300
300
300
300
300
300
300
300
300
300
300
300
300
300
300
300
300
300
300
300
300
300
300
300
300
300
300
300
300
300
300
300
300
300
300
300
300
300
300
300
300
300
300
300
300
300
300
300
300
300
300
300
300
300
300
300
300
300
300
300
300
300
300
300
300
300
300
300
300
300
300
300
300
300
300
300
300
300
300
300
300
300
300
300
300
300
300
300
300
300
300
300
300
300
300
300
300
300
300
300
300
300
300
300
300
300
300
300
300
300
300
300
300
300
300
300
300
300
300
300
300
300
300
300
300
300
300
300
300
300
300
300
300
300
300
300
300
300
300
300
300
300
300
300
300
300
300
300
300
300
300
300
300
300
300
300
300
300
300
300
300
300
300
300
300
300
300
300
300
300
300
300
300
300
300
300
300
300
300
300
300
300
300
300
300
300
300
300
300
300
300
300
300
300
300
300
300
300
300
300
300
300
300
300
300
300
300
300
300
300
300
300
300
300
300
300
300
300
300
300
300
300
300
300
300
300
300
300
300
300
300
300
300
300
300
300
300
300
300
300
300
300
300
300
300
300
300
300
300
300
300
300
300
300
300
300
300
300
300
300
300
300
300
300
300
300
300
300
300
300
300
300
300
300
300
300
300
300
300
300
300
300
300
300
300
300
300
300
300
300
300
300
300
300
300
300
300
300
300
300
300
300
300
300
300
300
300
300
300
300
300
300
300
300
300
300
300
300
300
300
300
300
300
300
300
300
300
300
300
300
300
300
300
300
300
300
300
300
300
300
300
300
300
300
300
300
300
300
300
300
300
300
300
300
300
300
300
300
300
300
300
300
300
300
300
300
300
300
300
300
300
300
300
300
300
300
300
300
300
300
300
300
300
300
300
300
300
300
300
300
300
300
300
300
300
300
300
300
300
300
300
300
300
300
300
300
300
300
300
300
300
300
300
300
300
300
300
300
300
300
300
300
300
300
300
300
300
300
300
300
300
300
300
300
300
300
300
300
300
300
300
300
300
300
300
300
300
300
300
300
300
300
300
300
300
300
300
300
300
300
300
300
300
300
300
300
300
300
300
300
300
300
300
300
300
300
300
300
300
300
300
300
300
300
300
300
300
300
300
300
300
300
300
300
300
300
300
300
300
300
300
300
300
300
300
300
300
300
300
300
300
300
300
300
300
300
300
300
300
300
300
300
300
300
300
300
300
300
300
300
300
300
300
300
300
300
300
300
300
300
300
300
300
300
300
300
300
300
300
300
300
300
300
300
300
300
300
300
300
300
300
300
300
300
300
300
300
300
300
300
300
300
300
300
300
300
300
300
300
300
300
300
300
300
300
300
300
300
300
300
300
300
300
300
300
300
300
300
300
300
300
300
300
300
300
300
300
300
300
300
300
300
300
300
300
300
300
300
300
300
300
300
300
300
300
300
300
300
300
300
300
300
300
300
300
300
300
300
300
300
300
300
300
300
300
300
300
300
300
300
300
300
300
300
300
300
300
300
300
300
300
300
300
300
300
300
300
300
300
300
300
300
300
300
300
300
300
300
300
300
300
300
300
300
300
300
300
300
300
300
300
300
300
300
300
300
300
300
300
300
300
300
300
300
300
300
300
300
300
300
300
300
300
300
300
300
300
300
300
300
300
300
300
300
300
300
300
300
300
300
300
300
300
300
300
300
300
300
300
300
300
300
300
300
300
300
300
300
300
300
300
300
300
300
300
300
300
300
300
300
300
300
300
300
300
300
300
300
300
300
300
300
300
300
300
300
300
300
300
300
300
300
300
300
300
300
300
300
300
300
300
300
300
300
300
300
300
300
300
300
300
300
300
300
300
300
300
300
300
300
300
300
300
300
300
300
300
300
300
300
300
300
300
300
300
300
300
300
300
300
300
300
300
300
300
300
300
300
300
300
300
300
300
300
300
300
300
300
300
300
300
300
300
300
300
300
300
300
300
300
300
300
300
300
300
300
300
300
300
300
300
300
300
300
300
300
300
300
300
300
300
300
300
300
300
300
300
300
300
300
300
300
300
300
300
300
300
300
300
300
300
300
300
300
300
300
300
300
300
300
300
300
300
300
300
300
300
300
300
300
300
300
300
300
300
300
300
300
300
300
300
300
300
300
300
300
300
300
300
300
300
300
300
300
300
300
300
300
300
300
300
300
300
300
300
300
300
300
300
300
300
300
300
300
300
300
300
300
300
300
300
300
300
300
300
300
300
300
300
300
300
300
300
300
300
300
300
300
300
300
300
300
300
300
300
300
300
300
300
300
300
300
300
300
300
300
300
300
300
300
300
300
300
300
300
300
300
300
300
300
300
300
300
300
300
300
300
300
300
300
300
300
300
300
300
300
300
300
300
300
300
300
300
300
300
300
300
300
300
300
300
300
300
300
300
300
300
300
300
300
300
300
300
300
300
300
300
300
300
300
300
300
300
300
300
300
300
300
300
300
300
300
300
300
300
300
300
300
300
300
300
300
300
300
300
300
300
300
300
300
300
300
300
300
300
300
300
300
300
300
300
300
300
300
300
300
300
300
300
300
300
300
300
300
300
300
300
300
300
300
300
300
300
300
300
300
300
300
300
300
300
300
300
300
300
300
300
300
300
300
300
300
300
300
300
300
300
300
300
300
300
300
300
300
300
300
300
300
300
300
300
300
300
300
300
300
300
300
300
300
300
300
300
300
300
300
300
300
300
300
300
300
300
300
300
300
300
300
300
300
300
300
300
300
300
300
300
300
300
300
300
300
300
300
300
300
300
300
300
300
300
300
300
300
300
300
300
300
300
300
300
300
300
300
300
300
300
300
300
300
300
300
300
300
300
300
300
300
300
300
300
300
300
300
300
300
300
300
300
300
300
300
300
300
300
300
300
300
300
300
300
300
300
300
300
300
300
300
300
300
300
300
300
300
300
300
300
300
300
300
300
300
300
300
300
300
300
300
300
300
300
300
300
300
300
300
300
300
300
300
300
300
300
300
300
300
300
300
300
300
300
300
300
300
300
300
300
300
300
300
300
300
300
300
300
300
300
300
300
300
300
300
300
300
300
300
300
300
300
300
300
300
300
300
300
300
300
300
300
300
300
300
300
300
300
300
300
300
300
300
300
300
300
300
300
300
300
300
300
300
300
300
300
300
300
300
300
300
300
300
300
300
300
300
300
300
300
300
300
300
300
300
300
300
300
300
300
300
300
300
300
300
300
300
300
300
300
300
300
300
300
300
300
300
300
300
300
300
300
300
300
300
300
300
300
300
300
300
300
300
300
300
300
300
300
300
300
300
300
300
300
300
300
300
300
300
300
300
300
300
300
300
300
300
300
300
300
300
300
300
300
300
300
300
300
300
300
300
300
300
300
300
300
300
300
300
300
300
300
300
300
300
300
300
300
300
300
300
300
300
300
300
300
300
300
300
300
300
300
300
300
300
300
300
300
300
300
300
300
300
300
300
300
300
300
300
300
300
300
300
300
300
300
300
300
300
300
300
300
300
300
300
300
300
300
300
300
300
300
300
300
300
300
300
300
300
300
300
300
300
300
300
300
300
300
300
300
300
300
300
300
300
300
300
300
300
300
300
300
300
300
300
300
300
300
300
300
300
300
300
300
300
300
300
300
300
300
300
300
300
300
300
300
300
300
300
300
300
300
300
300
300
300
300
300
300
300
300
300
300
300
300
300
300
300
300
300
300
300
300
300
300
300
300
300
300
300
300
300
300
300
300
300
300
300
300
300
300
300
300
300
300
300
300
300
300
300
300
300
300
300
300
300
300
300
300
300
300
300
300
300
300
300
300
300
300
300
300
300
300
300
300
300
300
300
300
300
300
300
300
300
300
300
300
300
300
300
300
300
300
300
300
300
300
300
300
300
300
300
300
300
300
300
300
300
300
300
300
300
300
300
300
300
300
300
300
300
300
300
300
300
300
300
300
300
300
300
300
300
300
300
300
300
300
300
300
300
300
300
300
300
300
300
300
300
300
300
300
300
300
300
300
300
300
300
300
300
300
300
300
300
300
300
300
300
300
300
300
300
300
300
300
300
300
300
300
300
300
300
300
300
300
300
300
300
300
300
300
300
300
300
300
300
300
300
300
300
300
300
300
300
300
300
300
300
300
300
300
300
300
300
300
300
300
300
300
300
300
300
300
300
300
300
300
300
300
300
300
300
300
300
300
300
300
300
300
300
300
300
300
300
300
300
300
300
300
300
300
300
300
300
300
300
300
300
300
300
300
300
300
300
300
300
300
300
300
300
300
300
300
300
300
300
300
300
300
300
300
300
300
300
300
300
300
300
300
300
300
300
300
300
300
300
300
300
300
300
300
300
300
300
300
300
300
300
300
300
300
300
300
300
300
300
300
300
300
300
300
300
300
300
300
300
300
300
300
300
300
300
300
300
300
300
300
300
300
300
300
300
300
300
300
300
300
300
300
300
300
300
300
300
300
300
300
300
300
300
300
300
300
300
300
300
300
300
300
300
300
300
300
300
300
300
300
300
300
300
300
300
300
300
300
300
300
300
300
300
300
300
300
300
300
300
300
300
300
300
300
300
300
300
300
300
300
300
300
300
300
300
300
300
300
300
300
300
300
300
300
300
300
300
300
300
300
300
300
300
300
300
300
300
300
300
300
300
300
300
300
300
300
300
300
300
300
300
300
300
300
300
300
300
300
300
300
300
300
300
300
300
300
300
300
300
300
300
300
300
300
300
300
300
300
300
300
300
300
300
300
300
300
300
300
300
300
300
300
300
300
300
300
300
300
300
300
300
300
300
300
300
300
300
300
300
300
300
300
300
300
300
300
300
300
300
300
300
300
300
300
300
300
300
300
300
300
300
300
300
300
300
300
300
300
300
300
300
300
300
300
300
300
300
300
300
300
300
300
300
300
300
300
300
300
300
300
300
300
300
300
300
300
300
300
300
300
300
300
300
300
300
300
300
300
300
300
300
300
300
300
300
300
300
300
300
300
300
300
300
300
300
300
300
300
300
300
300
300
300
300
300
300
300
300
300
300
300
300
300
300
300
300
300
300
300
300
300
300
300
300
300
300
300
300
300
300
300
300
300
300
300
300
300
300
300
300
300
300
300
300
300
300
300
300
300
300
300
300
300
300
300
300
300
300
300
300
300
300
300
300
300
300
300
300
300
300
300
300
300
300
300
300
300
300
300
300
300
300
300
300
300
300
300
300
300
300
300
300
300
300
300
300
300
300
300
300
300
300
300
300
300
300
300
300
300
300
300
300
300
300
300
300
300
300
300
300
300
300
300
300
300
300
300
300
300
300
300
300
300
300
300
300
300
300
300
300
300
300
300
300
300
300
300
300
300
300
300
300
300
300
300
300
300
300
300
300
300
300
300
300
300
300
300
300
300
300
300
300
300
300
300
300
300
300
300
300
300
300
300
300
300
300
300
300
300
300
300
300
300
300
300
300
300
300
300
300
300
300
300
300
300
300
300
300
300
300
300
300
300
300
300
300
300
300
300
300
300
300
300
300
300
300
300
300
300
300
300
300
300
300
300
300
300
300
300
300
300
300
300
300
300
300
300
300
300
300
300
300
300
300
300
300
300
300
300
300
300
300
300
300
300
300
300
300
300
300
300
300
300
300
300
300
300
300
300
300
300
300
300
300
300
300
300
300
300
300
300
300
300
300
300
300
300
300
300
300
300
300
300
300
300
300
300
300
300
300
300
300
300
300
300
300
300
300
300
300
300
300
300
300
300
300
300
300
300
300
300
300
300
300
300
300
300
300
300
300
300
300
300
300
300
300
300
300
300
300
300
300
300
300
300
300
300
300
300
300
300
300
300
300
300
300
300
300
300
300
300
300
300
300
300
300
300
300
300
300
300
300
300
300
300
300
300
300
300
300
300
300
300
300
300
300
300
300
300
300
300
300
300
300
300
300
300
300
300
300
300
300
300
300
300
300
300
300
300
300
300
300
300
300
300
300
300
300
300
300
300
300
300
300
300
300
300
300
300
300
300
300
300
300
300
300
300
300
300
300
300
300
299.7499996
299.4999931
299.2499653
298.9998909
298.7497355
298.4994552
298.2489976
297.9983014
297.7472976
297.495909
297.2440511
296.9916319
296.7385526
296.4847079
296.2299858
295.9742686
295.7174326
295.4593486
295.1998822
294.9388941
294.6762403
294.4117721
294.1453371
293.8767785
293.6059361
293.3326461
293.0567417
292.778053
292.4964072
292.2116294
291.923542
291.6319657
291.336719
291.0376189
290.7344812
290.42712
290.1153488
289.79898
289.4778254
289.1516964
288.820404
288.4837594
288.1415734
287.7936574
287.4398232
287.0798829
286.7136497
286.3409374
285.961561
285.5753368
285.1820821
284.781616
284.3737592
283.9583339
283.5351645
283.1040773
282.6649007
282.2174654
281.7616045
281.2971536
280.823951
280.3418375
279.850657
279.350256
278.8404844
278.321195
277.7922438
277.2534903
276.7047971
276.1460305
275.5770603
274.99776
274.4080067
273.8076812
273.1966685
272.574857
271.9421396
271.298413
270.6435778
269.9775391
269.3002059
268.6114918
267.9113143
267.1995955
266.4762618
265.7412441
264.9944775
264.235902
263.4654617
262.6831055
261.8887868
261.0824635
260.2640984
259.4336586
258.5911161
257.7364473
256.8696336
255.9906608
255.0995195
254.1962051
253.2807175
252.3530614
251.4132462
250.461286
249.4971995
248.5210102
247.5327461
246.53244
245.5201293
244.495856
243.4596667
242.4116126
241.3517494
240.2801374
239.1968415
238.1019308
236.9954792
235.8775647
234.7482699
233.6076818
232.4558914
231.2929943
230.1190901
228.934283
227.7386808
226.5323958
225.3155442
224.0882463
222.8506264
221.6028126
220.3449368
219.077135
217.7995468
216.5123153
215.2155876
213.9095142
212.5942491
211.2699499
209.9367775
208.5948962
207.2444734
205.88568
204.5186899
203.14368
201.7608304
200.3703239
198.9723464
197.5670866
196.1547356
194.7354875
193.3095389
191.8770888
190.4383388
188.9934925
187.5427563
186.0863384
184.6244492
183.1573012
181.6851088
180.2080883
178.7264579
177.2404373
175.7502481
174.2561131
172.7582569
171.2569053
169.7522855
168.2446257
166.7341556
165.2211055
163.7057071
162.1881926
160.6687952
159.1477487
157.6252876
156.1016468
154.5770618
153.0517683
151.5260023
150
148.4739977
