0
0
0
0
0
0
0
0
0
0
-2.892e-006
-1.87231e-005
-6.10646e-005
-0.000139243
-0.000257459
-0.000418762
-0.000626332
-0.000880973
-0.00118051
-0.00152142
-0.00189948
-0.00231025
-0.00274892
-0.00320967
-0.00368534
-0.00416919
-0.00465588
-0.00513936
-0.00561186
-0.00606538
-0.0064929
-0.00688876
-0.00724872
-0.00756982
-0.00785026
-0.00808923
-0.00828681
-0.00844384
-0.00856178
-0.00864264
-0.00868882
-0.00870306
-0.00868832
-0.00864773
-0.00858448
-0.00850177
-0.00840278
-0.00829059
-0.00816189
-0.00799603
-0.0077595
-0.0074223
-0.00696443
-0.00637442
-0.00564795
-0.00478665
-0.00379695
-0.00268906
-0.00147605
-0.000172854
0.00120445
0.00263958
0.00411769
0.00562536
0.00714884
0.00867374
0.0101859
0.0116724
0.0131221
0.0145237
0.015867
0.017144
0.0183482
0.0194736
0.020516
0.0214727
0.0223403
0.0231157
0.0237965
0.0243837
0.0248812
0.0252941
0.0256272
0.0258863
0.0260785
0.0262111
0.0262889
0.026316
0.0262974
0.0262387
0.0261468
0.026028
0.0258882
0.0257322
0.0255639
0.025387
0.025206
0.0250252
0.0248469
0.0246731
0.0245041
0.0243388
0.0241788
0.0240272
0.0238866
0.0237591
0.0236459
0.023547
0.0234626
0.0233935
0.0233395
0.0233007
0.0232761
0.0232634
0.0232614
0.0232693
0.0232856
0.0233095
0.0233413
0.0233808
0.0234251
0.0234716
0.0235202
0.0235704
0.0236213
0.0236732
0.0237271
0.0237821
0.0238354
0.0238851
0.0239309
0.0239731
0.024011
0.0240434
0.0240698
0.024092
0.0241121
0.0241315
0.0241518
0.0241736
0.0241959
0.0242179
0.0242395
0.0242598
0.024278
0.0242929
0.0243032
0.0243093
0.0243134
0.0243176
0.0243228
0.0243292
0.0243356
0.0243418
0.0243497
0.0243612
0.0243755
0.0243902
0.0244041
0.024416
0.0244247
0.0244294
0.0244306
0.0244283
0.0244215
0.0244096
0.0243941
0.0243775
0.0243614
0.0243469
0.0243348
0.0243243
0.0243147
0.0243067
0.0243007
0.0242948
0.0242871
0.0242766
0.0242637
0.0242508
0.0242394
0.0242295
0.0242209
0.024214
0.0242085
0.0242043
0.0242027
0.0242041
0.0242062
0.0242073
0.0242072
0.024207
0.0242069
0.0242057
0.0242045
0.024206
0.0242119
0.0242218
0.0242342
0.0242485
0.0242648
0.0242835
0.0243037
0.0243236
0.0243416
0.0243565
0.0243684
0.024378
0.0243866
0.0243957
0.0244053
0.0244139
0.0244211
0.0244265
0.0244282
0.0244239
0.0244138
0.0243982
0.0243773
0.0243529
0.0243268
0.0242999
0.0242725
0.0242445
0.0242156
0.0241855
0.0241533
0.0241184
0.0240817
0.0240445
0.024008
0.023974
0.0239454
0.0239236
0.0239091
0.0239011
0.0238979
0.0238977
0.0239001
0.0239041
0.0239057
0.0238998
0.0238837
0.0238577
0.0238233
0.0237837
0.023743
0.0237045
0.023669
0.0236348
0.0236011
0.0235685
0.0235372
0.0235072
0.023479
0.023453
0.0234294
0.0234097
0.0233952
0.0233865
0.023384
0.0233878
0.0233987
0.0234184
0.023448
0.0234867
0.0235308
0.0235769
0.0236223
0.0236644
0.0237012
0.0237327
0.02376
0.0237835
0.023804
0.0238225
0.0238403
0.0238571
0.0238713
0.0238803
0.0238809
0.0238714
0.0238533
0.0238307
0.0238072
0.0237828
0.0237556
0.023725
0.0236934
0.0236649
0.0236432
0.0236291
0.023619
0.0236094
0.0235984
0.0235862
0.0235745
0.0235646
0.0235572
0.0235527
0.0235522
0.0235571
0.0235688
0.0235871
0.0236102
0.0236357
0.0236608
0.0236836
0.0237038
0.0237219
0.0237377
0.0237506
0.0237595
0.0237636
0.0237633
0.0237597
0.0237536
0.0237455
0.0237361
0.0237277
0.0237211
0.0237152
0.0237083
0.0236998
0.0236891
0.0236761
0.0236614
0.0236464
0.0236324
0.023621
0.0236136
0.0236113
0.0236149
0.023625
0.0236407
0.0236616
0.0236885
0.0237218
0.0237617
0.0238079
0.0238601
0.0239186
0.0239834
0.0240527
0.0241238
0.0241954
0.0242668
0.0243361
0.0244014
0.0244621
0.0245179
0.0245679
0.0246106
0.0246446
0.0246695
0.0246862
0.0246964
0.0247018
0.0247024
0.0246984
0.0246913
0.0246827
0.024672
0.0246566
0.0246354
0.0246092
0.0245803
0.0245507
0.024522
0.0244958
0.024475
0.0244616
0.0244552
0.024454
0.0244557
0.0244583
0.0244582
0.0244514
0.0244356
0.0244113
0.02438
0.0243436
0.0243031
0.0242593
0.0242141
0.0241696
0.0241278
0.0240897
0.0240554
0.024025
0.0239983
0.0239752
0.0239567
0.0239434
0.0239343
0.0239272
0.0239209
0.0239147
0.0239075
0.0238985
0.0238886
0.0238797
0.0238727
0.0238665
0.023861
0.0238583
0.023861
0.0238693
0.0238797
0.0238887
0.0238952
0.0239
0.0239035
0.0239069
0.0239107
0.0239148
0.0239188
0.0239224
0.0239259
0.0239296
0.0239329
0.0239355
0.0239379
0.023941
0.0239457
0.0239517
0.0239582
0.0239643
0.0239707
0.0239784
0.0239884
0.0240004
0.0240131
0.0240245
0.0240336
0.0240401
0.0240461
0.024054
0.0240642
0.0240757
0.0240872
0.0240985
0.0241093
0.024119
0.0241257
0.0241288
0.0241291
0.0241273
0.0241221
0.0241109
0.0240927
0.0240692
0.024044
0.0240207
0.0240013
0.023986
0.0239745
0.0239657
0.0239578
0.0239491
0.0239387
0.0239255
0.0239092
0.023892
0.0238767
0.0238644
0.0238552
0.0238498
0.0238499
0.0238564
0.0238684
0.0238841
0.0239023
0.0239224
0.0239444
0.0239677
0.0239905
0.0240104
0.0240249
0.0240329
0.0240356
0.0240346
0.0240302
0.0240233
0.0240157
0.0240097
0.0240057
0.0240032
0.0240018
0.0240018
0.0240023
0.0240018
0.024001
0.0240035
0.0240136
0.0240327
0.0240608
0.0240974
0.0241405
0.0241863
0.0242323
0.0242789
0.0243265
0.0243731
0.0244155
0.0244528
0.0244854
0.0245126
0.0245338
0.0245495
0.0245603
0.0245665
0.0245693
0.0245708
0.0245719
0.0245717
0.024568
0.0245585
0.0245423
0.0245206
0.0244955
0.0244682
0.024439
0.0244095
0.0243817
0.024355
0.0243276
0.0242985
0.024268
0.0242359
0.0242018
0.0241661
0.0241288
0.0240891
0.0240474
0.0240048
0.0239638
0.0239273
0.0238979
0.0238764
0.0238621
0.0238535
0.0238481
0.0238432
0.0238375
0.0238318
0.0238281
0.0238276
0.0238298
0.0238333
0.0238364
0.0238388
0.0238409
0.0238438
0.0238479
0.0238532
0.0238584
0.0238627
0.0238658
0.0238678
0.0238688
0.0238671
0.0238612
0.0238521
0.0238417
0.0238306
0.0238184
0.0238045
0.0237879
0.0237677
0.023744
0.0237183
0.023692
0.0236669
0.0236469
0.0236357
0.0236336
0.0236389
0.02365
0.0236657
0.0236847
0.0237059
0.0237287
0.0237527
0.0237778
0.0238058
0.0238375
0.0238726
0.0239095
0.0239464
0.0239804
0.0240095
0.024033
0.0240495
0.0240569
0.0240551
0.0240462
0.0240336
0.0240214
0.0240128
0.0240098
0.0240118
0.0240166
0.0240219
0.0240266
0.0240299
0.0240324
0.0240346
0.0240373
0.0240409
0.0240449
0.0240496
0.0240548
0.0240613
0.0240705
0.0240825
0.0240963
0.0241103
0.024123
0.0241337
0.0241438
0.0241546
0.0241652
0.0241735
0.024179
0.0241822
0.0241839
0.024186
0.0241909
0.0241988
0.0242089
0.0242219
0.0242379
0.0242562
0.024276
0.0242973
0.0243208
0.024347
0.0243743
0.0243995
0.0244204
0.0244369
0.0244518
0.0244679
0.024486
0.0245056
0.0245247
0.0245405
0.0245507
0.0245532
0.0245464
0.0245288
0.0244996
0.0244604
0.0244136
0.0243597
0.0242979
0.0242293
0.0241567
0.0240831
0.0240108
0.0239417
0.0238769
0.0238176
0.0237643
0.0237173
0.0236772
0.0236449
0.0236194
0.023599
0.0235827
0.0235682
0.0235532
0.0235379
0.0235241
0.0235135
0.0235077
0.0235077
0.0235144
0.0235276
0.0235457
0.023567
0.0235913
0.0236206
0.0236558
0.0236955
0.023739
0.0237866
0.0238366
0.0238861
0.0239328
0.0239767
0.024019
0.0240594
0.0240963
0.0241286
0.0241559
0.0241778
0.0241941
0.0242065
0.0242172
0.0242255
0.0242288
0.0242259
0.0242182
0.0242075
0.0241942
0.0241788
0.0241614
0.0241419
0.02412
0.0240954
0.0240681
0.0240382
0.024007
0.023976
0.0239462
0.0239192
0.0238973
0.0238802
0.0238655
0.0238502
0.0238324
0.0238126
0.0237924
0.0237742
0.0237602
0.0237515
0.0237478
0.0237488
0.0237544
0.0237647
0.0237822
0.02381
0.0238477
0.0238924
0.0239413
0.0239913
0.0240398
0.0240861
0.0241318
0.0241776
0.0242227
0.0242662
0.0243084
0.0243494
0.0243881
0.0244218
0.0244479
0.024465
0.0244726
0.0244707
0.0244606
0.0244438
0.0244223
0.024398
0.0243735
0.0243513
0.0243322
0.024316
0.0243022
0.0242899
0.0242779
0.0242649
0.0242501
0.0242332
0.0242137
0.0241911
0.024166
0.0241406
0.024117
0.0240959
0.0240773
0.0240598
0.0240415
0.0240213
0.0239994
0.0239774
0.0239571
0.0239397
0.0239255
0.0239137
0.0239039
0.0238958
0.0238894
0.0238843
0.0238804
0.0238774
0.0238759
0.023877
0.0238816
0.0238901
0.0239015
0.0239147
0.0239288
0.0239436
0.023959
0.0239752
0.0239921
0.0240091
0.0240244
0.0240362
0.0240438
0.024047
0.0240446
0.024036
0.0240229
0.0240082
0.0239933
0.0239792
0.0239669
0.0239561
0.0239455
0.0239348
0.0239247
0.023915
0.0239051
0.0238943
0.0238825
0.0238703
0.023858
0.0238453
0.0238323
0.0238202
0.0238101
0.0238028
0.0237975
0.0237933
0.0237903
0.0237906
0.0237959
0.023806
0.0238198
0.0238367
0.0238557
0.0238745
0.0238909
0.0239032
0.0239106
0.0239125
0.023908
0.0238962
0.0238778
0.023855
0.0238292
0.0238016
0.0237748
0.023751
0.0237306
0.0237136
0.0237001
0.0236889
0.0236786
0.0236694
0.0236616
0.0236537
0.0236458
0.02364
0.0236387
0.0236438
0.0236557
0.0236726
0.0236935
0.0237192
0.0237505
0.0237887
0.0238341
0.0238851
0.0239399
0.0239977
0.0240556
0.02411
0.0241589
0.0242011
0.0242345
0.0242577
0.0242717
0.0242792
0.0242824
0.0242811
0.0242738
0.0242605
0.0242424
0.0242209
0.0241975
0.0241722
0.0241455
0.0241187
0.0240923
0.0240662
0.0240407
0.0240173
0.023998
0.0239847
0.0239778
0.0239769
0.0239821
0.0239933
0.0240081
0.0240226
0.0240334
0.0240399
0.0240431
0.024043
0.0240393
0.0240324
0.024022
0.0240073
0.0239865
0.0239582
0.0239236
0.023886
0.0238485
0.0238132
0.0237811
0.0237522
0.0237276
0.0237091
0.0236985
0.0236959
0.0236998
0.0237087
0.0237221
0.0237391
0.0237589
0.0237799
0.0237997
0.023818
0.0238353
0.0238511
0.0238655
0.0238778
0.023887
0.0238931
0.023897
0.0239007
0.0239067
0.0239178
0.0239355
0.0239596
0.0239885
0.0240201
0.0240532
0.0240855
0.0241146
0.0241379
0.0241537
0.0241616
0.0241637
0.0241606
0.0241515
0.0241355
0.024112
0.0240808
0.0240423
0.0239994
0.0239576
0.0239204
0.0238875
0.0238579
0.0238311
0.023808
0.0237895
0.0237752
0.0237633
0.023753
0.0237463
0.0237461
0.0237532
0.023767
0.0237871
0.0238127
0.0238417
0.0238735
0.0239082
0.0239441
0.0239784
0.02401
0.0240386
0.0240634
0.0240842
0.0241027
0.0241197
0.0241357
0.0241513
0.0241661
0.0241801
0.0241939
0.0242073
0.0242182
0.0242237
0.0242223
0.0242139
0.0241975
0.0241715
0.0241365
0.0240956
0.0240538
0.024015
0.0239822
0.0239581
0.0239455
0.0239453
0.0239564
0.0239779
0.0240085
0.0240461
0.0240885
0.0241346
0.0241833
0.0242329
0.0242819
0.0243298
0.0243751
0.0244152
0.0244482
0.0244727
0.024488
0.0244947
0.0244935
0.0244852
0.0244715
0.0244544
0.0244351
0.0244149
0.0243956
0.0243785
0.0243636
0.0243509
0.0243409
0.0243345
0.0243321
0.0243342
0.0243409
0.0243504
0.0243607
0.0243703
0.0243782
0.024384
0.0243876
0.0243887
0.0243862
0.0243807
0.0243748
0.0243702
0.0243663
0.0243628
0.0243595
0.0243557
0.0243512
0.0243463
0.0243417
0.0243377
0.0243339
0.0243291
0.0243222
0.0243124
0.0242981
0.0242785
0.0242542
0.0242264
0.0241971
0.0241681
0.0241399
0.0241117
0.0240821
0.0240505
0.0240165
0.0239798
0.0239407
0.0239007
0.0238616
0.0238237
0.0237863
0.0237487
0.0237115
0.0236754
0.023642
0.0236153
0.0235977
0.0235885
0.0235867
0.0235916
0.0236021
0.0236167
0.0236339
0.0236525
0.0236726
0.0236946
0.0237185
0.0237452
0.0237761
0.0238107
0.0238479
0.0238862
0.0239245
0.0239625
0.0240009
0.0240393
0.0240763
0.0241113
0.0241439
0.0241737
0.0242013
0.0242264
0.0242487
0.0242678
0.0242834
0.0242939
0.0242969
0.0242919
0.0242787
0.0242581
0.0242316
0.0242014
0.0241704
0.024141
0.0241132
0.0240861
0.0240595
0.0240339
0.0240094
0.0239859
0.0239633
0.0239417
0.0239225
0.0239074
0.0238978
0.0238927
0.0238894
0.023885
0.0238789
0.0238719
0.0238648
0.0238574
0.023849
0.0238385
0.0238253
0.0238089
0.023791
0.0237744
0.0237609
0.02375
0.0237395
0.0237295
0.023722
0.0237186
0.0237201
0.0237275
0.0237401
0.0237554
0.0237713
0.0237868
0.0238018
0.0238153
0.0238266
0.0238364
0.0238467
0.0238587
0.0238731
0.02389
0.0239089
0.023929
0.0239503
0.0239739
0.0240008
0.0240316
0.0240659
0.0241011
0.024135
0.0241668
0.0241959
0.0242208
0.0242409
0.0242544
0.0242593
0.0242541
0.0242385
0.0242143
0.0241846
0.0241514
0.0241154
0.0240776
0.0240387
0.024
0.0239628
0.023928
0.0238957
0.0238667
0.0238424
0.0238246
0.0238145
0.0238112
0.023812
0.0238157
0.0238243
0.0238409
0.0238669
0.0239011
0.0239406
0.0239825
0.0240253
0.0240687
0.0241128
0.0241563
0.0241968
0.0242322
0.0242623
0.0242878
0.0243098
0.0243281
0.0243412
0.0243473
0.0243471
0.0243431
0.0243369
0.0243303
0.0243255
0.0243238
0.0243246
0.024327
0.0243304
0.0243351
0.0243411
0.0243482
0.0243561
0.0243637
0.0243701
0.024375
0.0243784
0.0243805
0.0243829
0.0243858
0.0243888
0.0243917
0.0243946
0.0243992
0.0244069
0.0244181
0.0244323
0.0244484
0.0244632
0.0244741
0.0244824
0.0244901
0.024497
0.0245008
0.0245005
0.0244971
0.0244917
0.0244855
0.0244786
0.0244687
0.0244536
0.0244339
0.0244117
0.0243896
0.0243693
0.0243511
0.024335
0.0243231
0.0243165
0.0243134
0.0243112
0.0243075
0.0243015
0.0242942
0.0242875
0.0242826
0.0242799
0.0242784
0.0242754
0.0242692
0.0242606
0.0242515
0.0242432
0.0242359
0.0242289
0.0242212
0.0242138
0.0242092
0.02421
0.0242186
0.024236
0.0242595
0.024285
0.024309
0.024329
0.0243434
0.0243525
0.0243565
0.0243553
0.0243507
0.0243451
0.0243388
0.0243309
0.0243202
0.0243065
0.0242902
0.0242724
0.0242545
0.0242371
0.0242208
0.0242063
0.0241933
0.0241806
0.0241676
0.0241559
0.0241473
0.0241421
0.0241386
0.0241354
0.0241321
0.024128
0.0241217
0.0241119
0.0241001
0.0240888
0.0240797
0.0240742
0.0240714
0.0240687
0.0240641
0.0240569
0.0240477
0.024038
0.0240298
0.0240245
0.0240222
0.0240216
0.0240216
0.0240214
0.0240215
0.0240231
0.0240259
0.0240282
0.0240295
0.0240319
0.0240374
0.0240458
0.0240571
0.0240711
0.0240869
0.0241032
0.0241181
0.0241302
0.0241394
0.0241462
0.0241509
0.0241521
0.0241483
0.0241392
0.0241258
0.0241095
0.0240918
0.0240741
0.0240576
0.0240435
0.0240326
0.0240235
0.0240136
0.0240011
0.0239864
0.0239706
0.0239538
0.0239349
0.0239123
0.0238839
0.0238483
0.0238062
0.0237609
0.0237154
0.023671
0.0236279
0.0235872
0.02355
0.0235179
0.0234922
0.0234731
0.0234616
0.0234597
0.0234686
0.0234878
0.0235147
0.0235464
0.0235808
0.0236157
0.0236487
0.0236781
0.0237049
0.0237304
0.0237552
0.023779
0.0238025
0.0238268
0.023852
0.0238777
0.0239025
0.0239246
0.0239428
0.0239572
0.0239686
0.0239784
0.0239865
0.0239929
0.0239972
0.023998
0.023995
0.02399
0.0239839
0.0239767
0.0239694
0.0239636
0.0239603
0.0239596
0.0239617
0.0239665
0.0239736
0.0239809
0.023986
0.0239882
0.0239878
0.0239849
0.0239779
0.023965
0.0239458
0.0239216
0.0238925
0.0238591
0.0238226
0.0237843
0.0237451
0.0237068
0.0236718
0.0236414
0.0236151
0.0235908
0.0235668
0.023544
0.0235257
0.0235153
0.023515
0.0235243
0.0235406
0.0235616
0.0235883
0.0236229
0.0236652
0.0237134
0.0237661
0.0238225
0.0238827
0.0239477
0.024019
0.0240974
0.0241829
0.0242731
0.024363
0.0244475
0.0245238
0.0245905
0.0246452
0.0246863
0.0247132
0.0247258
0.0247258
0.0247161
0.024699
0.0246759
0.0246474
0.0246146
0.0245794
0.0245443
0.024511
0.0244805
0.0244523
0.0244243
0.0243933
0.0243575
0.0243187
0.0242798
0.0242421
0.0242053
0.0241685
0.0241313
0.0240954
0.0240621
0.024031
0.0239998
0.023967
0.0239327
0.0238977
0.0238633
0.0238307
0.0238003
0.0237724
0.0237472
0.0237254
0.023708
0.0236963
0.0236907
0.0236912
0.0236982
0.0237106
0.0237259
0.0237413
0.0237534
0.0237596
0.0237601
0.0237566
0.0237499
0.0237414
0.0237333
0.0237285
0.0237299
0.0237386
0.0237549
0.0237801
0.0238145
0.0238556
0.0239014
0.0239508
0.0240023
0.0240541
0.0241043
0.0241515
0.024195
0.0242354
0.0242727
0.0243072
0.0243386
0.0243652
0.024386
0.0244012
0.0244095
0.0244095
0.0244015
0.0243864
0.0243637
0.0243341
0.0242993
0.0242613
0.0242223
0.0241846
0.0241489
0.0241152
0.0240837
0.0240548
0.0240287
0.0240062
0.0239877
0.0239714
0.023956
0.0239417
0.023928
0.0239126
0.0238931
0.0238696
0.0238433
0.0238147
0.0237831
0.0237483
0.0237116
0.0236758
0.0236441
0.0236193
0.023602
0.023592
0.0235898
0.0235965
0.0236118
0.0236336
0.0236606
0.0236928
0.0237299
0.0237707
0.0238143
0.0238609
0.0239108
0.0239637
0.024018
0.024072
0.0241248
0.0241753
0.0242211
0.0242608
0.0242951
0.0243243
0.0243477
0.024364
0.0243706
0.024365
0.0243459
0.024313
0.0242681
0.0242141
0.0241534
0.0240894
0.0240264
0.023967
0.0239103
0.0238548
0.0238
0.0237461
0.0236953
0.0236505
0.0236133
0.0235828
0.0235579
0.0235375
0.0235217
0.0235126
0.0235132
0.0235248
0.023546
0.0235736
0.0236044
0.0236358
0.0236665
0.0236957
0.0237231
0.0237473
0.0237671
0.0237832
0.0237963
0.0238052
0.0238082
0.0238046
0.023795
0.0237801
0.0237613
0.0237414
0.0237224
0.0237051
0.023689
0.0236726
0.0236554
0.0236387
0.0236232
0.0236082
0.0235928
0.0235779
0.0235657
0.0235577
0.0235543
0.0235553
0.0235578
0.0235582
0.0235539
0.0235433
0.0235259
0.0235028
0.0234774
0.0234542
0.0234371
0.0234273
0.0234237
0.0234234
0.0234229
0.0234221
0.0234233
0.0234274
0.0234349
0.0234452
0.0234574
0.0234704
0.0234849
0.0235016
0.0235207
0.0235433
0.0235709
0.0236047
0.0236455
0.0236924
0.0237433
0.0237946
0.0238437
0.0238908
0.023937
0.0239822
0.0240243
0.0240621
0.024096
0.0241265
0.0241541
0.0241789
0.0242008
0.0242195
0.0242351
0.0242484
0.0242592
0.0242662
0.0242681
0.0242648
0.0242563
0.0242443
0.0242315
0.0242186
0.0242042
0.0241854
0.0241621
0.0241378
0.024115
0.0240924
0.0240685
0.0240442
0.0240218
0.0240029
0.0239879
0.0239766
0.0239693
0.0239654
0.0239643
0.0239656
0.0239678
0.0239687
0.0239677
0.023965
0.0239608
0.023954
0.0239422
0.0239246
0.0239027
0.0238799
0.0238605
0.0238479
0.0238436
0.0238488
0.0238645
0.0238901
0.0239232
0.0239605
0.0239995
0.0240385
0.024077
0.0241149
0.0241506
0.0241825
0.024209
0.0242291
0.0242429
0.0242528
0.0242607
0.0242666
0.0242693
0.0242691
0.0242661
0.0242596
0.0242495
0.0242358
0.0242183
0.0241969
0.0241719
0.0241433
0.0241107
0.024074
0.0240344
0.0239966
0.0239655
0.0239435
0.0239314
0.0239283
0.0239313
0.0239365
0.0239398
0.0239386
0.0239328
0.0239232
0.0239115
0.0238989
0.0238855
0.0238714
0.0238571
0.0238446
0.0238356
0.0238287
0.0238226
0.0238179
0.0238153
0.0238139
0.0238121
0.0238091
0.0238047
0.0237985
0.0237895
0.0237765
0.0237589
0.023738
0.0237168
0.0236992
0.0236886
0.0236872
0.0236943
0.0237066
0.0237199
0.023731
0.0237386
0.0237431
0.0237444
0.0237435
0.0237417
0.0237399
0.0237386
0.0237396
0.0237458
0.02376
0.023783
0.0238142
0.0238518
0.0238932
0.0239361
0.0239789
0.0240215
0.0240633
0.0241023
0.0241357
0.0241629
0.0241863
0.0242089
0.0242323
0.0242579
0.0242862
0.0243178
0.024354
0.0243954
0.024441
0.0244876
0.024533
0.024576
0.0246164
0.0246546
0.0246909
0.0247243
0.0247524
0.0247733
0.0247855
0.0247887
0.0247833
0.0247691
0.024745
0.0247096
0.0246633
0.0246086
0.024549
0.0244866
0.0244225
0.0243574
0.0242936
0.0242353
0.0241848
0.0241417
0.0241066
0.0240812
0.0240654
0.0240586
0.0240615
0.0240753
0.0240992
0.0241301
0.0241641
0.0241982
0.0242305
0.0242598
0.0242849
0.0243036
0.0243139
0.0243141
0.0243026
0.0242814
0.0242553
0.0242282
0.0242015
0.0241755
0.0241505
0.0241269
0.0241038
0.0240801
0.0240548
0.0240259
0.0239925
0.023956
0.0239187
0.0238844
0.0238566
0.0238376
0.0238275
0.0238252
0.0238284
0.0238355
0.0238467
0.0238628
0.0238832
0.0239057
0.0239291
0.0239532
0.0239785
0.0240037
0.0240259
0.0240431
0.0240544
0.0240589
0.0240566
0.0240498
0.0240423
0.0240364
0.0240339
0.0240366
0.0240444
0.0240564
0.0240718
0.0240897
0.0241074
0.0241225
0.0241329
0.0241386
0.0241415
0.0241438
0.0241464
0.0241491
0.0241522
0.0241562
0.0241607
0.0241639
0.0241629
0.0241574
0.0241495
0.0241413
0.0241329
0.0241242
0.0241152
0.0241067
0.0240999
0.0240957
0.0240944
0.0240965
0.0241021
0.0241101
0.024119
0.0241281
0.024137
0.0241445
0.0241486
0.024148
0.0241433
0.0241377
0.0241342
0.0241332
0.0241333
0.0241332
0.0241322
0.02413
0.0241265
0.0241216
0.0241146
0.0241048
0.0240919
0.0240765
0.0240612
0.0240485
0.024038
0.0240282
0.0240181
0.0240083
0.0239994
0.0239916
0.0239825
0.0239689
0.02395
0.0239269
0.0239012
0.0238745
0.0238482
0.0238238
0.0238027
0.023786
0.0237737
0.023764
0.0237534
0.0237402
0.0237244
0.0237056
0.0236837
0.0236597
0.0236368
0.0236177
0.0236043
0.023598
0.0236004
0.0236134
0.023638
0.0236736
0.0237177
0.0237681
0.0238238
0.023884
0.0239486
0.0240176
0.0240907
0.0241667
0.0242427
0.0243164
0.0243862
0.0244527
0.0245168
0.0245769
0.0246298
0.0246729
0.0247048
0.0247263
0.0247387
0.0247426
0.0247378
0.0247245
0.0247036
0.0246749
0.0246397
0.0246007
0.0245593
0.0245145
0.0244659
0.024415
0.0243638
0.0243121
0.0242588
0.0242034
0.024146
0.0240877
0.0240311
0.0239783
0.0239295
0.0238841
0.0238422
0.0238045
0.0237714
0.0237443
0.0237254
0.0237162
0.0237174
0.0237298
0.0237533
0.0237884
0.0238353
0.0238922
0.0239574
0.0240292
0.0241051
0.0241824
0.0242594
0.0243345
0.0244052
0.0244683
0.0245209
0.0245622
0.0245938
0.0246181
0.0246372
0.0246525
0.0246633
0.0246679
0.0246669
0.0246628
0.0246572
0.0246498
0.0246392
0.0246241
0.0246049
0.0245844
0.0245656
0.0245511
0.0245425
0.0245408
0.0245465
0.0245587
0.0245742
0.0245897
0.0246043
0.0246193
0.0246361
0.0246537
0.0246688
0.0246792
0.0246847
0.0246857
0.0246828
0.0246772
0.0246712
0.0246654
0.0246589
0.0246497
0.0246346
0.0246104
0.0245769
0.0245371
0.0244939
0.0244493
0.0244046
0.0243609
0.0243201
0.0242833
0.0242503
0.0242199
0.0241901
0.024159
0.0241262
0.0240928
0.0240611
0.0240322
0.0240063
0.0239843
0.0239672
0.0239529
0.0239396
0.0239265
0.0239138
0.0239019
0.0238909
0.0238808
0.0238717
0.0238633
0.0238558
0.0238511
0.023851
0.0238552
0.0238627
0.0238728
0.0238858
0.0239024
0.0239219
0.0239427
0.0239639
0.0239852
0.0240057
0.0240237
0.0240375
0.0240456
0.024047
0.024043
0.0240364
0.0240305
0.0240277
0.0240291
0.024034
0.0240407
0.0240475
0.0240541
0.0240599
0.024064
0.0240665
0.0240696
0.0240741
0.0240798
0.0240868
0.0240955
0.0241056
0.0241155
0.0241239
0.0241293
0.0241303
0.0241272
0.0241203
0.0241093
0.0240948
0.0240785
0.0240613
0.0240414
0.0240168
0.0239885
0.0239593
0.0239319
0.0239093
0.0238943
0.0238879
0.0238901
0.023901
0.0239217
0.0239528
0.0239948
0.0240467
0.0241066
0.0241716
0.0242375
0.0242998
0.0243564
0.0244067
0.0244499
0.0244851
0.0245121
0.024531
0.0245431
0.0245492
0.0245489
0.0245415
0.0245284
0.0245109
0.0244897
0.0244643
0.0244338
0.0243983
0.0243601
0.0243223
0.0242863
0.0242521
0.0242199
0.024191
0.0241653
0.0241407
0.0241156
0.024091
0.0240677
0.0240458
0.0240254
0.024008
0.0239964
0.0239901
0.023986
0.0239817
0.0239777
0.0239761
0.023978
0.023984
0.0239948
0.0240106
0.0240297
0.0240505
0.0240731
0.0240975
0.0241233
0.024151
0.0241805
0.0242088
0.0242322
0.0242487
0.0242586
0.0242633
0.0242628
0.0242569
0.0242462
0.0242317
0.024214
0.0241937
0.0241712
0.0241467
0.0241203
0.0240927
0.0240651
0.0240388
0.0240153
0.0239965
0.0239845
0.0239807
0.0239849
0.0239959
0.0240118
0.024031
0.0240529
0.0240765
0.0241011
0.0241264
0.0241526
0.0241789
0.0242025
0.0242204
0.0242308
0.0242343
0.0242323
0.0242258
0.0242171
0.0242086
0.0242002
0.0241882
0.0241704
0.0241477
0.0241226
0.0240978
0.0240753
0.0240568
0.0240439
0.0240397
0.0240466
0.0240643
0.0240898
0.0241174
0.0241412
0.0241581
0.0241685
0.0241755
0.0241817
0.024188
0.0241933
0.0241957
0.0241937
0.0241874
0.0241772
0.0241621
0.0241424
0.0241205
0.0241001
0.0240835
0.0240716
0.0240643
0.0240619
0.0240636
0.024068
0.0240743
0.0240829
0.0240938
0.0241068
0.0241224
0.0241405
0.0241604
0.0241816
0.024203
0.0242217
0.0242347
0.0242416
0.0242444
0.0242451
0.024244
0.0242409
0.0242379
0.0242387
0.0242465
0.0242627
0.0242883
0.0243227
0.0243619
0.0244021
0.0244406
0.0244756
0.0245063
0.0245328
0.0245537
0.0245661
0.0245689
0.0245627
0.0245489
0.0245283
0.0245014
0.0244684
0.0244293
0.0243849
0.0243368
0.024287
0.0242375
0.0241885
0.0241408
0.0240966
0.0240573
0.0240236
0.0239963
0.0239758
0.0239602
0.0239466
0.0239337
0.0239229
0.0239168
0.0239165
0.0239215
0.0239298
0.0239402
0.0239525
0.0239679
0.0239872
0.0240095
0.0240328
0.0240553
0.0240763
0.024096
0.0241146
0.0241318
0.0241461
0.0241553
0.0241586
0.0241571
0.024153
0.0241469
0.0241368
0.0241208
0.0240984
0.0240718
0.0240422
0.0240106
0.0239791
0.02395
0.0239249
0.0239035
0.0238842
0.0238666
0.0238512
0.0238391
0.0238316
0.0238294
0.0238309
0.0238342
0.0238394
0.0238483
0.0238612
0.0238774
0.0238968
0.0239187
0.0239411
0.0239625
0.0239819
0.0239986
0.0240126
0.0240247
0.024036
0.0240473
0.0240591
0.024071
0.0240824
0.0240934
0.0241042
0.0241145
0.0241235
0.0241305
0.0241358
0.0241407
0.0241461
0.0241522
0.0241589
0.0241648
0.0241681
0.0241694
0.0241712
0.0241762
0.0241842
0.0241919
0.0241962
0.0241966
0.0241958
0.0241969
0.0242006
0.0242055
0.0242101
0.0242137
0.0242173
0.0242219
0.024228
0.0242347
0.0242399
0.0242422
0.0242424
0.024242
0.0242418
0.0242413
0.0242393
0.0242357
0.0242317
0.0242263
0.0242177
0.0242051
0.0241891
0.0241688
0.0241424
0.0241087
0.0240678
0.024021
0.0239697
0.023917
0.0238661
0.0238192
0.0237776
0.0237413
0.0237086
0.0236774
0.0236471
0.0236177
0.0235884
0.0235587
0.0235304
0.0235061
0.0234865
0.0234704
0.0234587
0.023454
0.0234578
0.0234698
0.0234888
0.0235131
0.023541
0.0235716
0.0236035
0.0236359
0.0236674
0.0236956
0.0237186
0.0237357
0.0237482
0.0237586
0.0237679
0.0237765
0.0237853
0.0237949
0.0238041
0.0238105
0.0238139
0.0238163
0.0238186
0.0238206
0.0238228
0.0238263
0.0238321
0.0238396
0.0238467
0.0238515
0.0238538
0.0238552
0.0238575
0.0238619
0.0238686
0.0238767
0.0238861
0.0238979
0.0239131
0.0239303
0.0239477
0.0239651
0.0239824
0.0239987
0.0240141
0.0240295
0.0240449
0.0240597
0.0240736
0.0240877
0.0241031
0.0241205
0.0241398
0.0241595
0.0241778
0.0241937
0.0242091
0.0242264
0.0242461
0.0242669
0.0242881
0.0243088
0.024327
0.0243418
0.0243548
0.0243678
0.0243807
0.0243927
0.0244026
0.0244099
0.0244151
0.0244201
0.024426
0.0244323
0.0244367
0.0244379
0.0244361
0.0244315
0.0244222
0.0244059
0.0243809
0.0243472
0.0243068
0.0242629
0.0242176
0.0241727
0.0241307
0.0240929
0.0240582
0.0240243
0.0239896
0.0239553
0.0239237
0.023896
0.0238721
0.0238517
0.0238348
0.0238223
0.0238162
0.0238171
0.0238234
0.0238326
0.0238425
0.0238499
0.0238521
0.023849
0.0238406
0.0238264
0.023807
0.0237847
0.023763
0.023746
0.0237369
0.0237372
0.023746
0.0237606
0.0237779
0.0237958
0.0238146
0.0238356
0.0238578
0.0238782
0.0238964
0.0239134
0.0239289
0.0239417
0.0239525
0.0239619
0.0239688
0.023973
0.0239758
0.0239788
0.0239833
0.0239901
0.0240003
0.0240147
0.0240324
0.0240517
0.0240713
0.0240902
0.0241079
0.0241249
0.024142
0.0241587
0.0241732
0.0241854
0.0241972
0.024211
0.0242288
0.0242527
0.0242832
0.0243176
0.0243518
0.0243813
0.0244026
0.024415
0.0244189
0.0244145
0.024403
0.0243853
0.0243613
0.0243321
0.0243001
0.0242673
0.0242353
0.0242062
0.0241817
0.0241627
0.0241484
0.0241364
0.0241254
0.0241154
0.0241064
0.0240966
0.0240847
0.0240718
0.0240588
0.024046
0.0240338
0.0240227
0.0240127
0.0240043
0.0239995
0.0240004
0.0240072
0.0240197
0.0240379
0.0240608
0.0240868
0.0241141
0.0241404
0.0241632
0.0241816
0.0241961
0.0242069
0.0242143
0.0242184
0.0242197
0.024219
0.0242168
0.0242142
0.0242119
0.0242098
0.0242083
0.0242077
0.0242077
0.024208
0.0242088
0.0242088
0.024206
0.0241993
0.0241893
0.024176
0.0241578
0.0241341
0.0241049
0.0240719
0.0240372
0.0240014
0.0239646
0.0239263
0.0238852
0.0238413
0.0237943
0.0237448
0.0236941
0.023645
0.0236014
0.0235656
0.0235376
0.0235176
0.0235058
0.0235023
0.0235066
0.023517
0.0235308
0.0235477
0.0235687
0.0235936
0.0236211
0.0236501
0.0236801
0.0237109
0.0237415
0.023772
0.0238036
0.0238373
0.0238721
0.0239066
0.0239409
0.0239756
0.0240091
0.0240383
0.0240617
0.0240802
0.0240955
0.0241087
0.0241194
0.0241267
0.0241302
0.0241299
0.0241258
0.0241178
0.0241054
0.0240875
0.0240645
0.0240388
0.0240116
0.0239828
0.0239523
0.0239209
0.0238887
0.0238557
0.0238229
0.0237923
0.0237668
0.0237484
0.0237375
0.0237338
0.0237376
0.0237492
0.0237687
0.0237955
0.0238276
0.023862
0.0238968
0.023932
0.0239684
0.0240058
0.0240428
0.0240779
0.0241093
0.024135
0.0241539
0.0241657
0.0241713
0.0241726
0.0241713
0.0241669
0.0241585
0.0241463
0.0241311
0.0241128
0.0240913
0.0240658
0.024036
0.0240012
0.0239612
0.0239177
0.0238748
0.0238371
0.0238073
0.0237851
0.0237685
0.0237548
0.0237411
0.0237251
0.0237054
0.0236825
0.023658
0.023633
0.0236085
0.0235866
0.0235705
0.0235618
0.0235593
0.0235622
0.0235702
0.0235823
0.0235976
0.023615
0.0236344
0.0236565
0.0236827
0.0237129
0.0237446
0.0237752
0.023803
0.0238264
0.0238462
0.0238649
0.0238844
0.0239042
0.0239238
0.023943
0.023961
0.0239768
0.023989
0.0239967
0.0239991
0.0239964
0.0239897
0.0239791
0.023964
0.0239436
0.0239175
0.0238854
0.0238488
0.0238122
0.0237807
0.0237569
0.0237408
0.0237312
0.0237292
0.0237358
0.0237496
0.0237674
0.0237875
0.0238106
0.0238372
0.0238662
0.0238969
0.0239299
0.023966
0.0240045
0.0240435
0.0240805
0.0241142
0.0241448
0.0241728
0.0241974
0.0242163
0.0242272
0.0242291
0.0242219
0.024207
0.0241865
0.0241629
0.0241373
0.0241097
0.0240803
0.0240514
0.0240259
0.0240051
0.0239893
0.02398
0.0239777
0.0239808
0.0239857
0.0239894
0.0239893
0.0239828
0.0239698
0.0239524
0.0239332
0.0239152
0.0239009
0.0238914
0.0238869
0.0238868
0.0238902
0.0238957
0.0239028
0.0239118
0.0239231
0.0239372
0.0239546
0.0239748
0.0239968
0.0240197
0.0240425
0.0240647
0.024086
0.024107
0.0241277
0.0241473
0.0241646
0.0241796
0.0241924
0.0242039
0.0242141
0.0242214
0.0242235
0.0242194
0.0242093
0.0241942
0.0241758
0.0241553
0.0241343
0.0241154
0.0241001
0.0240881
0.024079
0.0240731
0.0240707
0.024072
0.0240765
0.024083
0.0240897
0.0240957
0.0241015
0.0241073
0.0241124
0.024117
0.0241225
0.0241294
0.0241364
0.0241412
0.0241423
0.0241396
0.0241335
0.0241252
0.0241152
0.0241011
0.0240804
0.024052
0.0240168
0.0239778
0.0239394
0.023905
0.0238766
0.0238542
0.0238383
0.0238304
0.0238316
0.0238417
0.0238598
0.0238846
0.0239145
0.0239488
0.0239881
0.0240325
0.0240802
0.0241295
0.0241798
0.0242321
0.024286
0.0243401
0.0243931
0.024444
0.0244916
0.0245348
0.0245727
0.0246045
0.0246301
0.0246498
0.0246616
0.0246633
0.0246552
0.0246387
0.0246153
0.0245874
0.0245585
0.0245326
0.0245122
0.024498
0.0244905
0.0244907
0.0244971
0.0245067
0.0245162
0.0245233
0.0245276
0.02453
0.0245301
0.0245273
0.0245209
0.0245107
0.0244975
0.0244823
0.0244664
0.0244496
0.0244305
0.0244068
0.024377
0.0243419
0.0243035
0.0242626
0.0242202
0.0241782
0.0241375
0.0240984
0.0240623
0.0240301
0.0240011
0.0239746
0.0239514
0.0239337
0.023923
0.0239185
0.0239181
0.0239208
0.0239265
0.0239351
0.0239462
0.0239588
0.0239711
0.0239799
0.023983
0.0239816
0.0239781
0.0239749
0.0239731
0.0239729
0.0239741
0.0239763
0.0239795
0.0239851
0.023995
0.0240095
0.0240268
0.0240449
0.0240626
0.0240794
0.0240962
0.0241143
0.0241336
0.0241531
0.0241736
0.024196
0.0242197
0.0242444
0.0242722
0.0243035
0.0243363
0.0243691
0.0243995
0.0244232
0.0244361
0.0244369
0.0244262
0.0244052
0.0243741
0.024333
0.0242844
0.0242317
0.0241771
0.0241226
0.0240703
0.0240225
0.0239818
0.0239494
0.0239249
0.0239068
0.0238931
0.0238822
0.0238733
0.0238667
0.0238623
0.0238593
0.0238578
0.0238598
0.0238675
0.023881
0.0238994
0.0239212
0.0239458
0.0239728
0.0240024
0.0240344
0.0240678
0.0241008
0.0241321
0.0241604
0.0241848
0.0242048
0.0242204
0.0242318
0.0242376
0.0242367
0.0242295
0.0242175
0.0242027
0.0241864
0.0241695
0.0241531
0.0241382
0.0241231
0.0241048
0.0240817
0.0240533
0.0240195
0.0239819
0.0239437
0.0239074
0.0238755
0.0238488
0.0238263
0.0238061
0.0237879
0.0237717
0.0237569
0.0237423
0.0237267
0.0237079
0.0236845
0.0236572
0.0236285
0.0235996
0.0235694
0.0235356
0.0234981
0.0234601
0.023425
0.0233942
0.0233693
0.023352
0.023344
0.0233463
0.0233584
0.0233786
0.0234048
0.0234365
0.0234739
0.0235166
0.0235628
0.0236093
0.0236527
0.02369
0.0237196
0.023741
0.0237544
0.0237619
0.0237666
0.023771
0.0237763
0.023783
0.0237912
0.0238011
0.0238123
0.0238229
0.0238312
0.0238373
0.0238424
0.0238499
0.0238633
0.0238836
0.0239094
0.0239386
0.0239701
0.0240038
0.0240397
0.0240766
0.0241126
0.0241457
0.0241754
0.0242026
0.0242293
0.0242554
0.0242795
0.0242998
0.0243147
0.0243235
0.0243293
0.0243372
0.0243496
0.0243657
0.0243842
0.0244041
0.0244244
0.0244444
0.0244621
0.0244754
0.0244832
0.0244855
0.0244824
0.0244736
0.0244584
0.0244371
0.0244106
0.0243802
0.0243479
0.0243158
0.0242842
0.0242537
0.0242256
0.0242006
0.024177
0.0241528
0.0241282
0.0241042
0.024081
0.0240593
0.0240405
0.0240259
0.0240174
0.024017
0.0240248
0.0240388
0.0240561
0.0240756
0.0240979
0.0241237
0.0241538
0.0241887
0.024228
0.024271
0.0243176
0.0243669
0.0244175
0.0244681
0.0245183
0.0245669
0.0246113
0.0246492
0.0246799
0.0247044
0.024723
0.0247356
0.0247427
0.0247449
0.0247418
0.0247332
0.0247197
0.0247013
0.0246775
0.0246488
0.0246157
0.0245791
0.0245407
0.0245008
0.0244578
0.0244098
0.024355
0.0242929
0.0242257
0.0241572
0.0240905
0.0240257
0.0239612
0.0238949
0.0238255
0.0237529
0.0236772
0.0236001
0.0235249
0.0234565
0.0233982
0.023352
0.0233187
0.0232976
0.0232884
0.0232915
0.0233051
0.0233261
0.0233524
0.0233826
0.0234166
0.0234557
0.0234999
0.0235475
0.0235975
0.0236492
0.0237027
0.0237585
0.023816
0.023873
0.0239277
0.0239802
0.0240301
0.0240774
0.024124
0.0241724
0.0242238
0.0242784
0.0243356
0.0243949
0.0244542
0.0245118
0.0245679
0.0246231
0.0246753
0.0247211
0.0247579
0.0247846
0.0248018
0.0248092
0.0248065
0.0247938
0.0247716
0.0247411
0.0247033
0.0246596
0.0246116
0.0245604
0.0245065
0.0244508
0.0243951
0.0243417
0.0242931
0.0242512
0.0242167
0.02419
0.0241701
0.0241539
0.024138
0.0241194
0.0240971
0.0240721
0.0240459
0.0240192
0.0239918
0.0239634
0.0239333
0.0239019
0.0238699
0.0238382
0.0238083
0.0237813
0.0237571
0.0237363
0.0237206
0.0237105
0.023705
0.0237038
0.0237079
0.0237161
0.023726
0.0237375
0.0237512
0.0237669
0.0237845
0.0238048
0.0238284
0.0238555
0.0238863
0.0239214
0.0239601
0.0239988
0.0240346
0.0240663
0.0240934
0.0241147
0.0241305
0.024143
0.0241528
0.0241586
0.0241595
0.0241552
0.0241474
0.0241391
0.0241321
0.0241256
0.0241177
0.0241078
0.0240969
0.0240859
0.0240747
0.0240633
0.0240513
0.0240381
0.0240237
0.0240086
0.0239943
0.0239815
0.0239707
0.0239621
0.0239562
0.0239542
0.0239575
0.023966
0.0239795
0.0239982
0.0240215
0.0240462
0.0240693
0.0240912
0.0241149
0.024142
0.0241705
0.0241968
0.0242175
0.024232
0.0242425
0.0242507
0.0242564
0.0242581
0.0242548
0.0242471
0.024236
0.0242209
0.0242003
0.0241739
0.024143
0.02411
0.0240773
0.0240463
0.024017
0.0239909
0.0239714
0.0239624
0.023965
0.0239778
0.0239982
0.0240231
0.0240512
0.0240822
0.0241151
0.024147
0.0241743
0.0241963
0.0242153
0.0242331
0.0242512
0.0242693
0.0242854
0.0242972
0.0243031
0.0243022
0.0242942
0.0242789
0.0242569
0.024229
0.0241949
0.0241559
0.024114
0.0240719
0.0240323
0.0239962
0.0239626
0.0239295
0.0238963
0.0238638
0.0238331
0.0238039
0.0237763
0.0237504
0.0237249
0.0236975
0.0236676
0.0236365
0.0236056
0.0235758
0.023548
0.0235239
0.0235049
0.0234913
0.0234821
0.0234779
0.0234792
0.0234851
0.0234946
0.0235078
0.0235241
0.0235417
0.0235588
0.0235747
0.0235888
0.0236012
0.0236122
0.0236228
0.0236325
0.0236389
0.0236397
0.0236349
0.0236261
0.0236148
0.0236028
0.0235929
0.0235869
0.0235843
0.0235836
0.0235851
0.0235906
0.0236022
0.0236211
0.0236473
0.0236788
0.0237121
0.0237443
0.0237736
0.0238007
0.0238271
0.0238539
0.0238807
0.0239054
0.0239252
0.0239386
0.0239454
0.0239463
0.0239427
0.0239352
0.0239239
0.023909
0.0238914
0.0238711
0.0238466
0.023817
0.0237834
0.0237476
0.0237116
0.0236778
0.0236484
0.0236245
0.0236072
0.0235973
0.0235947
0.0235989
0.0236086
0.0236222
0.0236365
0.0236499
0.0236633
0.0236786
0.0236969
0.0237185
0.0237439
0.0237727
0.0238036
0.0238354
0.0238689
0.0239059
0.0239454
0.023984
0.0240189
0.0240478
0.0240703
0.0240865
0.0240975
0.024104
0.0241074
0.024109
0.0241091
0.0241076
0.0241052
0.0241015
0.0240946
0.0240832
0.0240685
0.0240537
0.0240412
0.0240313
0.0240226
0.0240133
0.0240029
0.0239918
0.0239791
0.0239632
0.023943
0.0239166
0.023882
0.0238395
0.0237911
0.0237389
0.0236849
0.0236309
0.023577
0.0235236
0.0234726
0.0234267
0.0233877
0.0233583
0.0233407
0.0233352
0.0233412
0.0233565
0.0233787
0.0234071
0.023443
0.0234871
0.023539
0.0235986
0.0236657
0.0237392
0.0238162
0.0238951
0.0239757
0.024057
0.0241364
0.0242108
0.0242772
0.0243333
0.0243784
0.0244124
0.0244355
0.0244498
0.0244591
0.0244669
0.0244738
0.0244791
0.0244812
0.0244785
0.0244705
0.0244584
0.0244432
0.0244254
0.0244055
0.0243836
0.0243607
0.024337
0.0243117
0.0242851
0.0242588
0.024233
0.024206
0.0241778
0.0241502
0.0241243
0.0240995
0.0240751
0.0240515
0.0240296
0.0240094
0.0239901
0.0239706
0.0239498
0.0239276
0.0239048
0.0238831
0.0238646
0.0238506
0.0238404
0.0238322
0.0238251
0.0238201
0.0238183
0.0238196
0.0238241
0.0238321
0.0238436
0.0238581
0.023875
0.0238936
0.0239126
0.02393
0.0239445
0.0239557
0.0239628
0.0239648
0.0239613
0.0239521
0.0239386
0.0239231
0.0239086
0.0238966
0.0238872
0.0238795
0.0238733
0.0238701
0.0238722
0.0238802
0.0238929
0.0239089
0.023928
0.0239485
0.0239689
0.023989
0.0240082
0.0240239
0.0240333
0.0240348
0.024029
0.0240188
0.0240064
0.0239923
0.0239776
0.0239655
0.0239587
0.0239578
0.0239626
0.0239719
0.0239834
0.0239955
0.0240067
0.0240159
0.0240229
0.0240288
0.0240345
0.0240405
0.0240458
0.0240487
0.02405
0.0240508
0.0240505
0.0240461
0.0240348
0.024017
0.0239952
0.0239707
0.0239429
0.0239108
0.0238755
0.023839
0.0238028
0.0237672
0.0237318
0.0236962
0.0236606
0.0236259
0.0235931
0.0235627
0.0235342
0.0235075
0.0234834
0.0234627
0.0234463
0.0234346
0.0234271
0.0234231
0.0234224
0.0234244
0.0234292
0.0234376
0.0234509
0.0234697
0.0234928
0.0235177
0.0235423
0.0235679
0.0235977
0.0236335
0.0236746
0.0237194
0.0237656
0.0238118
0.0238562
0.0238955
0.0239273
0.02395
0.0239624
0.023964
0.0239562
0.0239407
0.0239175
0.0238863
0.0238466
0.0237973
0.0237386
0.0236739
0.0236079
0.0235439
0.0234837
0.0234293
0.0233817
0.0233405
0.0233051
0.0232761
0.0232552
0.0232424
0.0232366
0.0232376
0.0232456
0.0232601
0.0232795
0.0233034
0.0233326
0.0233684
0.0234121
0.0234639
0.0235227
0.0235867
0.0236539
0.0237234
0.0237933
0.0238606
0.0239238
0.023983
0.0240365
0.0240817
0.0241186
0.02415
0.0241773
0.0241994
0.0242148
0.0242239
0.0242271
0.0242243
0.0242144
0.0241964
0.0241694
0.0241332
0.0240894
0.0240414
0.0239922
0.0239439
0.0238974
0.0238535
0.023813
0.0237769
0.0237463
0.0237199
0.0236954
0.0236729
0.0236552
0.0236451
0.0236433
0.0236482
0.0236572
0.0236699
0.0236873
0.0237098
0.0237367
0.0237664
0.0237976
0.0238291
0.0238612
0.0238956
0.0239345
0.0239778
0.0240241
0.0240737
0.0241257
0.024177
0.0242247
0.0242679
0.0243065
0.0243411
0.0243723
0.0243991
0.0244189
0.0244307
0.024436
0.0244384
0.0244415
0.0244471
0.0244553
0.0244645
0.0244741
0.024485
0.0244982
0.0245131
0.0245289
0.0245447
0.0245578
0.024564
0.0245605
0.0245475
0.0245275
0.0245035
0.0244767
0.0244478
0.024418
0.0243893
0.0243624
0.0243361
0.0243092
0.0242809
0.0242509
0.0242192
0.0241858
0.024151
0.0241145
0.0240754
0.0240329
0.0239871
0.0239393
0.0238918
0.0238465
0.0238033
0.0237621
0.0237234
0.0236878
0.0236545
0.0236213
0.0235867
0.0235525
0.0235226
0.0235004
0.0234872
0.0234823
0.0234846
0.0234955
0.0235162
0.0235447
0.0235757
0.0236035
0.0236246
0.0236369
0.0236402
0.0236351
0.0236219
0.023601
0.0235733
0.0235417
0.0235107
0.0234843
0.0234659
0.0234565
0.0234566
0.0234659
0.0234835
0.0235075
0.0235364
0.0235688
0.0236038
0.023641
0.02368
0.0237214
0.023766
0.0238125
0.0238585
0.0239021
0.023942
0.0239785
0.0240134
0.0240482
0.0240831
0.0241167
0.0241467
0.0241713
0.0241889
0.024199
0.0242021
0.0241981
0.0241878
0.0241744
0.0241612
0.0241496
0.0241403
0.024134
0.0241314
0.0241324
0.0241368
0.0241443
0.0241546
0.0241659
0.0241752
0.0241813
0.0241866
0.0241935
0.0242012
0.0242073
0.0242102
0.0242099
0.0242064
0.0242002
0.0241935
0.0241897
0.0241903
0.0241928
0.0241931
0.0241887
0.0241791
0.0241649
0.0241473
0.0241281
0.0241078
0.0240866
0.0240662
0.0240475
0.024029
0.024008
0.0239826
0.0239524
0.0239179
0.023882
0.0238475
0.0238156
0.0237869
0.0237618
0.02374
0.0237209
0.0237051
0.0236942
0.0236895
0.0236915
0.023701
0.0237187
0.0237444
0.0237775
0.0238159
0.0238584
0.0239056
0.0239581
0.0240153
0.0240743
0.0241318
0.0241852
0.0242329
0.0242742
0.0243103
0.0243435
0.0243757
0.0244068
0.0244349
0.0244586
0.0244773
0.0244915
0.0245015
0.0245052
0.0244991
0.0244817
0.0244538
0.0244179
0.024376
0.0243299
0.0242797
0.0242236
0.0241592
0.0240857
0.0240048
0.0239183
0.0238282
0.0237373
0.0236495
0.0235696
0.0235009
0.0234435
0.0233965
0.0233591
0.0233327
0.0233192
0.0233197
0.0233339
0.0233613
0.0234011
0.0234519
0.0235136
0.0235859
0.0236666
0.0237526
0.0238409
0.0239296
0.0240179
0.0241068
0.0241983
0.0242925
0.024387
0.0244773
0.0245596
0.0246307
0.0246873
0.0247284
0.024754
0.0247642
0.0247616
0.0247509
0.0247373
0.0247239
0.0247119
0.0247015
0.0246915
0.0246811
0.0246707
0.0246618
0.0246555
0.0246529
0.024654
0.024657
0.0246597
0.0246622
0.0246652
0.0246671
0.0246651
0.0246577
0.0246441
0.0246252
0.0246019
0.0245734
0.0245388
0.0244986
0.024455
0.0244109
0.0243675
0.0243238
0.024279
0.0242327
0.0241847
0.0241349
0.0240842
0.0240324
0.0239779
0.0239196
0.0238586
0.0237976
0.0237372
0.0236758
0.023612
0.023545
0.0234768
0.02341
0.023345
0.0232815
0.0232195
0.0231581
0.0230958
0.0230328
0.0229727
0.0229195
0.0228737
0.0228334
0.0227973
0.0227664
0.0227433
0.0227286
0.0227223
0.0227255
0.0227393
0.0227636
0.0227982
0.0228436
0.0229011
0.0229717
0.023054
0.0231453
0.0232428
0.0233447
0.0234498
0.0235581
0.0236706
0.0237874
0.0239072
0.0240283
0.02415
0.0242724
0.0243941
0.024513
0.0246275
0.0247362
0.0248373
0.0249299
0.0250139
0.0250893
0.0251539
0.0252054
0.0252434
0.0252689
0.0252835
0.0252887
0.0252852
0.0252742
0.0252572
0.0252353
0.0252088
0.0251778
0.0251418
0.0250994
0.0250497
0.0249935
0.0249327
0.0248686
0.0248019
0.0247326
0.024661
0.0245876
0.024513
0.0244372
0.0243597
0.0242804
0.0242008
0.0241225
0.0240464
0.023973
0.0239019
0.0238318
0.0237609
0.0236883
0.0236138
0.0235386
0.0234664
0.0234013
0.0233447
0.0232961
0.0232543
0.023219
0.0231904
0.02317
0.0231589
0.0231556
0.0231566
0.0231586
0.023161
0.0231663
0.0231773
0.023196
0.023223
0.0232582
0.0233016
0.0233527
0.0234106
0.0234743
0.0235423
0.0236128
0.0236854
0.023761
0.0238399
0.0239225
0.024008
0.0240946
0.0241806
0.0242645
0.0243462
0.0244277
0.0245098
0.0245902
0.0246667
0.0247391
0.0248084
0.0248741
0.0249347
0.0249884
0.0250331
0.0250675
0.0250912
0.0251044
0.0251064
0.025096
0.0250726
0.0250379
0.0249936
0.0249409
0.0248791
0.0248081
0.0247301
0.0246473
0.0245616
0.0244749
0.0243898
0.0243081
0.0242307
0.0241584
0.0240929
0.024036
0.0239869
0.0239419
0.0238981
0.0238555
0.0238162
0.0237816
0.0237527
0.0237295
0.0237125
0.0237032
0.0237015
0.0237055
0.0237133
0.0237235
0.0237347
0.0237455
0.0237555
0.0237652
0.0237743
0.0237823
0.0237884
0.0237937
0.0238003
0.0238104
0.0238256
0.0238477
0.0238777
0.0239157
0.0239605
0.0240095
0.0240594
0.0241082
0.0241559
0.0242031
0.0242496
0.024296
0.0243433
0.0243924
0.0244442
0.0244995
0.0245577
0.0246166
0.0246729
0.0247236
0.0247663
0.0247991
0.0248215
0.0248333
0.0248338
0.0248219
0.0247987
0.0247665
0.0247252
0.0246737
0.0246124
0.0245446
0.0244752
0.0244073
0.0243414
0.0242782
0.0242195
0.0241667
0.0241205
0.0240825
0.0240549
0.024038
0.0240307
0.0240324
0.0240426
0.024061
0.0240877
0.0241212
0.0241604
0.024204
0.0242497
0.0242966
0.0243445
0.0243924
0.0244385
0.0244807
0.0245167
0.0245445
0.0245624
0.0245697
0.0245672
0.024555
0.0245324
0.0244982
0.0244517
0.0243952
0.024334
0.0242726
0.0242125
0.0241562
0.024106
0.0240617
0.0240228
0.0239899
0.0239622
0.0239389
0.0239202
0.0239071
0.0238994
0.023897
0.0239001
0.0239085
0.0239218
0.0239408
0.0239662
0.023997
0.0240303
0.0240627
0.0240918
0.024117
0.0241396
0.0241621
0.0241864
0.0242118
0.0242367
0.0242609
0.0242843
0.0243076
0.0243317
0.0243562
0.0243788
0.024398
0.0244142
0.0244271
0.0244347
0.0244374
0.0244383
0.0244398
0.0244417
0.0244432
0.0244425
0.0244377
0.0244271
0.0244108
0.0243903
0.0243661
0.024339
0.0243113
0.0242842
0.0242574
0.0242308
0.0242053
0.0241826
0.0241647
0.0241526
0.024145
0.02414
0.024137
0.0241375
0.0241417
0.0241468
0.0241498
0.024148
0.0241394
0.0241229
0.0240992
0.0240702
0.0240378
0.0240047
0.0239723
0.0239413
0.0239119
0.0238839
0.0238557
0.0238258
0.023793
0.0237563
0.0237158
0.0236735
0.0236317
0.0235928
0.023559
0.0235316
0.0235109
0.0234975
0.0234922
0.0234961
0.0235102
0.0235341
0.0235666
0.0236059
0.0236502
0.0236969
0.0237434
0.0237881
0.0238309
0.0238732
0.0239165
0.0239608
0.0240042
0.0240446
0.0240799
0.0241087
0.0241311
0.0241475
0.0241575
0.0241604
0.0241564
0.0241463
0.0241308
0.0241116
0.0240904
0.0240677
0.0240422
0.0240114
0.0239739
0.0239303
0.0238827
0.0238327
0.0237822
0.0237324
0.0236841
0.0236392
0.0236001
0.0235691
0.0235466
0.0235324
0.0235276
0.0235332
0.0235478
0.0235688
0.0235937
0.0236197
0.0236432
0.0236627
0.0236788
0.0236913
0.0236991
0.0237022
0.0237015
0.0236975
0.0236904
0.0236799
0.0236658
0.0236497
0.0236339
0.02362
0.0236084
0.0235993
0.023594
0.0235937
0.0235991
0.0236088
0.0236204
0.0236317
0.0236414
0.023649
0.0236551
0.0236606
0.0236664
0.0236723
0.0236776
0.023681
0.0236811
0.0236782
0.0236747
0.0236743
0.02368
0.0236935
0.0237146
0.0237431
0.0237785
0.02382
0.0238666
0.0239171
0.0239692
0.0240192
0.0240635
0.0241013
0.0241318
0.0241551
0.0241732
0.0241877
0.0241982
0.0242036
0.0242039
0.0241996
0.024192
0.0241823
0.0241714
0.0241612
0.0241536
0.0241497
0.024149
0.0241492
0.024148
0.0241441
0.024137
0.0241267
0.0241128
0.0240961
0.0240781
0.0240606
0.024043
0.024024
0.0240042
0.0239859
0.0239704
0.023959
0.023953
0.0239511
0.0239505
0.0239495
0.0239484
0.023948
0.0239483
0.0239481
0.0239466
0.0239444
0.0239423
0.0239415
0.023941
0.023938
0.02393
0.023916
0.0238974
0.0238776
0.0238607
0.0238489
0.0238437
0.0238459
0.023855
0.0238695
0.023889
0.0239132
0.0239403
0.0239683
0.023996
0.0240242
0.0240532
0.0240815
0.0241081
0.0241332
0.0241554
0.0241734
0.0241871
0.024198
0.0242077
0.0242174
0.0242277
0.024239
0.0242519
0.0242664
0.0242802
0.0242908
0.0242965
0.0242963
0.0242897
0.0242766
0.0242576
0.0242347
0.0242098
0.0241827
0.0241535
0.0241239
0.0240944
0.0240634
0.0240289
0.02399
0.0239468
0.0239
0.023851
0.023801
0.0237505
0.0237008
0.0236534
0.0236094
0.0235685
0.0235302
0.0234935
0.0234572
0.0234207
0.0233836
0.0233449
0.0233036
0.023261
0.02322
0.023183
0.0231519
0.0231266
0.0231072
0.0230945
0.0230878
0.0230869
0.0230931
0.0231073
0.0231297
0.0231608
0.0232007
0.0232483
0.023303
0.023365
0.0234342
0.02351
0.0235905
0.0236737
0.0237575
0.0238403
0.0239206
0.0239972
0.0240684
0.0241335
0.024194
0.0242516
0.0243063
0.0243563
0.0243989
0.0244314
0.0244511
0.024457
0.0244508
0.0244351
0.0244122
0.0243832
0.0243501
0.0243158
0.0242833
0.0242546
0.0242313
0.0242126
0.0241952
0.0241765
0.0241562
0.0241346
0.0241132
0.0240938
0.0240762
0.0240583
0.0240382
0.0240156
0.0239902
0.0239598
0.0239216
0.0238756
0.0238228
0.0237655
0.0237062
0.0236478
0.0235929
0.023544
0.0235027
0.0234701
0.0234468
0.0234336
0.0234306
0.0234355
0.0234456
0.0234593
0.023475
0.0234908
0.0235068
0.0235255
0.0235494
0.0235795
0.0236145
0.0236504
0.0236839
0.0237132
0.0237376
0.023757
0.0237722
0.0237831
0.0237898
0.0237945
0.0238003
0.023808
0.0238151
0.0238181
0.0238148
0.0238037
0.0237856
0.0237632
0.0237383
0.0237126
0.0236894
0.0236718
0.0236605
0.023654
0.0236511
0.0236522
0.0236586
0.0236711
0.0236887
0.0237089
0.0237288
0.0237463
0.0237615
0.0237757
0.0237905
0.0238077
0.0238284
0.0238515
0.0238761
0.0239034
0.0239336
0.023965
0.0239953
0.0240235
0.02405
0.0240733
0.0240916
0.0241054
0.0241154
0.0241203
0.0241189
0.0241118
0.0241007
0.0240877
0.0240746
0.0240626
0.0240521
0.0240442
0.0240414
0.0240474
0.0240627
0.024085
0.0241112
0.0241393
0.0241683
0.0241988
0.0242306
0.0242614
0.0242888
0.0243123
0.0243332
0.0243523
0.0243696
0.0243861
0.0244021
0.0244177
0.0244336
0.0244509
0.0244693
0.0244871
0.0245024
0.0245137
0.0245207
0.0245233
0.0245214
0.0245147
0.0245026
0.0244864
0.0244684
0.0244496
0.0244308
0.0244147
0.0244035
0.0243963
0.0243924
0.0243925
0.0243973
0.0244063
0.0244181
0.0244319
0.0244464
0.0244602
0.0244737
0.0244863
0.0244964
0.0245022
0.0245017
0.0244929
0.0244755
0.024452
0.0244239
0.0243907
0.0243534
0.0243154
0.0242789
0.0242438
0.0242098
0.0241768
0.0241458
0.0241171
0.0240888
0.0240577
0.0240219
0.0239818
0.0239388
0.0238951
0.0238522
0.0238108
0.0237722
0.0237378
0.0237091
0.0236854
0.0236639
0.0236424
0.0236215
0.0236035
0.0235892
0.0235772
0.0235661
0.0235547
0.0235426
0.0235319
0.0235255
0.0235251
0.0235311
0.0235435
0.0235629
0.0235896
0.0236235
0.0236654
0.0237153
0.0237719
0.0238332
0.0238973
0.0239622
0.0240253
0.0240841
0.024137
0.024184
0.0242263
0.024265
0.0243006
0.0243322
0.0243582
0.0243773
0.0243883
0.0243898
0.0243819
0.0243669
0.0243464
0.0243224
0.0242968
0.0242701
0.0242415
0.0242102
0.0241767
0.0241418
0.0241067
0.0240738
0.024047
0.0240292
0.0240198
0.0240146
0.0240085
0.0239987
0.0239856
0.0239716
0.0239585
0.0239476
0.02394
0.0239361
0.0239351
0.0239359
0.0239372
0.0239389
0.023941
0.0239432
0.0239464
0.0239525
0.0239624
0.0239754
0.02399
0.0240042
0.0240165
0.0240262
0.0240324
0.0240341
0.0240306
0.0240217
0.0240081
0.0239908
0.0239715
0.0239525
0.0239352
0.02392
0.0239073
0.0238976
0.0238932
0.0238965
0.0239094
0.0239321
0.0239629
0.0239996
0.0240389
0.0240779
0.0241145
0.0241468
0.024173
0.0241925
0.0242063
0.0242144
0.0242165
0.0242123
0.0242008
0.0241815
0.0241555
0.0241254
0.0240942
0.0240634
0.0240331
0.0240029
0.0239714
0.0239364
0.0238949
0.0238462
0.02379
0.0237275
0.0236614
0.0235947
0.0235291
0.0234652
0.0234035
0.0233439
0.023286
0.0232304
0.0231797
0.0231386
0.0231112
0.0230984
0.0230992
0.0231122
0.0231342
0.0231615
0.0231931
0.0232289
0.0232677
0.0233089
0.023353
0.0234006
0.0234518
0.0235075
0.0235684
0.0236336
0.0237009
0.0237663
0.0238267
0.023881
0.0239292
0.0239705
0.0240043
0.0240305
0.0240505
0.024066
0.0240773
0.0240834
0.0240826
0.0240745
0.0240602
0.0240411
0.0240175
0.0239903
0.0239609
0.023932
0.0239059
0.0238823
0.0238597
0.0238384
0.0238191
0.0237994
0.0237765
0.0237508
0.023724
0.0236973
0.0236736
0.0236555
0.0236431
0.023635
0.0236304
0.0236288
0.0236288
0.0236283
0.0236264
0.0236239
0.0236209
0.0236175
0.0236149
0.0236153
0.0236193
0.0236257
0.0236324
0.0236373
0.0236384
0.0236345
0.0236266
0.0236169
0.0236079
0.023601
0.0235977
0.023599
0.0236056
0.0236158
0.0236284
0.0236436
0.0236628
0.0236867
0.0237157
0.0237501
0.0237893
0.0238312
0.0238731
0.0239132
0.0239498
0.0239823
0.0240112
0.0240372
0.0240598
0.0240788
0.0240943
0.0241049
0.02411
0.0241104
0.0241071
0.0241001
0.0240895
0.0240761
0.0240604
0.0240423
0.0240233
0.0240062
0.0239933
0.0239852
0.0239817
0.0239814
0.0239835
0.0239876
0.0239924
0.023996
0.0239975
0.0239976
0.0239974
0.0239968
0.0239942
0.0239889
0.02398
0.0239661
0.0239462
0.0239201
0.0238883
0.0238528
0.0238154
0.0237769
0.0237376
0.0236984
0.0236611
0.0236281
0.0236014
0.0235821
0.0235694
0.023561
0.0235545
0.0235506
0.0235524
0.0235615
0.0235774
0.0236
0.0236299
0.023667
0.0237106
0.0237598
0.0238118
0.0238631
0.0239113
0.0239549
0.0239925
0.0240241
0.0240499
0.0240687
0.0240784
0.024079
0.0240728
0.0240613
0.0240439
0.0240196
0.023989
0.0239529
0.0239133
0.0238733
0.023837
0.0238076
0.0237852
0.0237672
0.0237507
0.0237358
0.0237254
0.0237219
0.0237261
0.0237374
0.0237545
0.0237754
0.0237996
0.0238271
0.0238562
0.0238852
0.0239125
0.0239372
0.0239576
0.0239741
0.0239896
0.0240063
0.0240227
0.0240365
0.0240468
0.0240541
0.0240584
0.0240589
0.0240544
0.0240446
0.0240291
0.0240081
0.0239842
0.0239609
0.023939
0.0239185
0.0238988
0.0238772
0.0238509
0.0238188
0.0237825
0.0237457
0.0237108
0.0236774
0.0236453
0.0236168
0.023594
0.0235781
0.0235696
0.0235689
0.0235765
0.0235921
0.0236138
0.0236383
0.0236629
0.0236871
0.0237108
0.0237342
0.0237571
0.0237784
0.023797
0.0238127
0.0238254
0.023835
0.0238419
0.0238469
0.0238502
0.023851
0.0238498
0.0238479
0.0238468
0.0238488
0.0238559
0.0238683
0.0238844
0.023903
0.0239235
0.0239445
0.0239646
0.023984
0.0240035
0.0240232
0.0240428
0.0240633
0.0240847
0.0241064
0.0241275
0.0241464
0.0241615
0.0241718
0.0241765
0.0241749
0.0241673
0.0241557
0.0241426
0.0241295
0.0241164
0.0241026
0.0240869
0.0240684
0.0240478
0.0240266
0.024007
0.0239914
0.0239812
0.0239762
0.0239751
0.0239762
0.0239774
0.0239763
0.0239736
0.0239706
0.0239676
0.0239653
0.0239662
0.0239721
0.0239814
0.0239903
0.0239955
0.0239962
0.0239926
0.0239849
0.0239735
0.0239592
0.0239448
0.0239336
0.0239264
0.0239215
0.0239169
0.0239103
0.0239
0.0238868
0.0238734
0.0238613
0.0238508
0.0238427
0.0238396
0.0238438
0.0238562
0.023877
0.0239059
0.0239418
0.0239837
0.0240312
0.0240832
0.0241384
0.0241954
0.0242526
0.0243079
0.0243599
0.0244091
0.0244554
0.0244975
0.0245354
0.024571
0.0246046
0.0246351
0.0246615
0.0246836
0.0247016
0.0247149
0.024722
0.0247206
0.0247089
0.0246862
0.0246547
0.0246173
0.0245751
0.0245281
0.0244779
0.0244279
0.0243805
0.0243375
0.0242991
0.0242647
0.0242349
0.0242111
0.0241931
0.0241789
0.0241667
0.0241552
0.0241438
0.0241324
0.0241228
0.0241165
0.0241136
0.0241133
0.024115
0.0241174
0.0241186
0.0241179
0.0241168
0.0241165
0.0241162
0.0241136
0.0241081
0.0241011
0.0240945
0.0240907
0.024092
0.024099
0.024111
0.0241271
0.0241465
0.0241684
0.0241921
0.0242162
0.0242399
0.0242645
0.0242911
0.0243179
0.0243403
0.0243555
0.0243632
0.024365
0.0243614
0.0243524
0.0243383
0.0243202
0.0242993
0.0242766
0.0242531
0.024229
0.0242051
0.0241825
0.0241619
0.0241434
0.0241261
0.024108
0.0240866
0.0240579
0.024018
0.0239663
0.0239066
0.0238436
0.0237802
0.0237183
0.0236599
0.0236066
0.0235601
0.0235216
0.0234918
0.023471
0.023458
0.0234495
0.0234437
0.0234411
0.0234436
0.0234524
0.0234672
0.0234872
0.0235118
0.0235406
0.0235731
0.0236093
0.0236493
0.0236921
0.0237358
0.0237785
0.0238194
0.0238592
0.0238996
0.0239424
0.023987
0.0240305
0.0240703
0.0241068
0.0241416
0.0241753
0.0242075
0.0242389
0.0242707
0.0243046
0.0243425
0.0243847
0.0244276
0.0244669
0.0244997
0.0245237
0.0245382
0.0245444
0.0245445
0.024541
0.0245347
0.0245233
0.0245043
0.024477
0.0244425
0.0244031
0.0243626
0.0243241
0.0242895
0.0242592
0.0242321
0.0242061
0.0241806
0.0241551
0.0241281
0.0240989
0.0240698
0.0240434
0.0240195
0.0239973
0.023977
0.0239596
0.0239457
0.0239353
0.0239272
0.0239183
0.0239069
0.0238926
0.0238753
0.0238552
0.0238328
0.0238091
0.0237858
0.0237655
0.0237501
0.0237386
0.0237286
0.0237204
0.0237152
0.0237128
0.0237119
0.0237132
0.0237176
0.0237247
0.0237334
0.0237437
0.0237562
0.0237703
0.0237852
0.0238009
0.0238182
0.0238363
0.0238523
0.0238637
0.0238711
0.0238776
0.023885
0.0238921
0.0238983
0.0239034
0.0239072
0.0239084
0.0239061
0.0239002
0.0238906
0.0238771
0.0238607
0.0238427
0.0238235
0.0238024
0.0237795
0.0237556
0.0237315
0.0237086
0.0236886
0.0236726
0.0236606
0.0236522
0.0236482
0.0236493
0.0236547
0.0236632
0.0236741
0.0236863
0.0236998
0.0237159
0.0237361
0.0237616
0.0237932
0.0238306
0.0238723
0.0239164
0.0239619
0.0240094
0.0240585
0.0241059
0.0241489
0.0241865
0.0242187
0.0242463
0.0242708
0.0242924
0.0243094
0.0243192
0.0243192
0.0243073
0.0242834
0.024249
0.0242076
0.0241627
0.0241149
0.0240633
0.0240078
0.0239489
0.0238864
0.0238202
0.0237523
0.023686
0.023625
0.0235728
0.0235323
0.0235048
0.0234879
0.0234782
0.0234738
0.0234742
0.0234793
0.0234892
0.0235032
0.0235204
0.0235416
0.0235681
0.0236006
0.0236387
0.0236814
0.023728
0.0237786
0.0238318
0.0238854
0.0239371
0.0239864
0.0240338
0.0240789
0.0241209
0.0241596
0.0241954
0.0242282
0.0242579
0.0242855
0.0243125
0.0243379
0.0243594
0.0243766
0.0243899
0.0243986
0.0244006
0.0243945
0.0243808
0.0243602
0.0243347
0.0243075
0.0242823
0.0242615
0.0242462
0.0242364
0.0242311
0.0242289
0.0242298
0.024233
0.0242372
0.0242401
0.02424
0.024236
0.0242264
0.0242109
0.0241918
0.0241719
0.0241535
0.0241365
0.024119
0.0240999
0.0240789
0.0240554
0.0240282
0.0239964
0.0239607
0.0239221
0.0238814
0.0238394
0.0237981
0.0237597
0.0237254
0.0236947
0.0236675
0.0236454
0.0236303
0.0236234
0.023625
0.023633
0.0236433
0.0236519
0.0236576
0.0236609
0.023663
0.0236645
0.0236653
0.0236657
0.0236647
0.0236611
0.0236536
0.0236416
0.0236242
0.0236007
0.0235719
0.0235406
0.0235095
0.0234808
0.0234556
0.0234353
0.0234209
0.0234134
0.023414
0.0234235
0.0234403
0.0234613
0.0234846
0.0235104
0.0235395
0.0235723
0.0236082
0.0236453
0.023682
0.0237191
0.0237595
0.023805
0.023855
0.023908
0.023962
0.0240143
0.024062
0.0241039
0.0241404
0.024172
0.024199
0.0242217
0.0242397
0.0242536
0.0242641
0.02427
0.024269
0.0242596
0.0242416
0.0242156
0.0241831
0.0241458
0.0241045
0.0240608
0.0240164
0.023974
0.023936
0.0239043
0.02388
0.0238637
0.0238547
0.0238512
0.0238523
0.023858
0.0238687
0.0238842
0.0239037
0.023926
0.0239506
0.0239785
0.0240102
0.0240437
0.0240752
0.0241029
0.0241278
0.0241505
0.0241696
0.0241843
0.0241944
0.0242008
0.0242065
0.0242153
0.0242269
0.0242383
0.0242487
0.0242591
0.0242688
0.0242765
0.024283
0.0242888
0.0242932
0.0242957
0.024296
0.0242945
0.024292
0.0242901
0.0242901
0.0242917
0.0242945
0.0242993
0.0243058
0.0243126
0.0243199
0.024329
0.0243419
0.0243585
0.0243777
0.024397
0.0244137
0.0244247
0.0244266
0.0244168
0.0243956
0.0243653
0.0243283
0.0242873
0.0242455
0.0242062
0.0241712
0.0241408
0.0241156
0.0240965
0.024084
0.0240786
0.0240791
0.0240825
0.0240862
0.0240885
0.0240879
0.0240839
0.0240777
0.0240705
0.0240615
0.0240489
0.0240317
0.0240092
0.0239818
0.0239512
0.0239206
0.0238926
0.0238668
0.0238407
0.0238122
0.0237819
0.0237512
0.0237211
0.0236926
0.0236664
0.0236421
0.0236189
0.0235959
0.0235737
0.0235555
0.0235437
0.0235391
0.0235415
0.0235496
0.0235621
0.0235787
0.0235986
0.023621
0.0236446
0.0236687
0.023693
0.0237173
0.0237417
0.0237665
0.0237934
0.0238245
0.0238597
0.0238973
0.0239368
0.0239794
0.0240257
0.0240745
0.0241239
0.0241723
0.0242188
0.0242621
0.0243006
0.024333
0.0243594
0.02438
0.0243941
0.0244009
0.0243998
0.0243895
0.0243697
0.0243408
0.0243044
0.0242633
0.0242203
0.0241764
0.0241334
0.0240931
0.0240565
0.0240241
0.0239953
0.0239693
0.0239457
0.0239259
0.0239115
0.0239031
0.0238995
0.0238981
0.0238952
0.0238889
0.0238806
0.0238733
0.0238684
0.0238657
0.0238638
0.0238619
0.0238596
0.0238579
0.0238588
0.0238646
0.0238778
0.0238991
0.023927
0.0239591
0.0239933
0.0240285
0.0240648
0.0241012
0.0241365
0.0241708
0.0242056
0.0242432
0.0242833
0.0243223
0.0243563
0.0243837
0.024406
0.0244242
0.0244382
0.0244475
0.0244526
0.0244528
0.0244481
0.0244398
0.0244296
0.0244179
0.0244031
0.0243838
0.0243598
0.0243315
0.0243001
0.0242672
0.0242352
0.0242071
0.0241846
0.024169
0.0241603
0.0241575
0.0241564
0.0241519
0.0241405
0.0241215
0.0240966
0.0240672
0.0240341
0.0239983
0.0239617
0.0239275
0.0238992
0.0238804
0.0238729
0.0238764
0.0238898
0.0239119
0.0239424
0.0239807
0.0240252
0.024073
0.0241212
0.0241668
0.0242073
0.0242424
0.0242713
0.0242931
0.0243095
0.0243235
0.0243358
0.0243449
0.024349
0.0243462
0.0243368
0.0243221
0.0243039
0.0242835
0.0242629
0.0242443
0.0242284
0.0242141
0.0241991
0.02418
0.0241538
0.0241203
0.0240806
0.024036
0.0239871
0.0239339
0.0238783
0.0238226
0.0237683
0.0237164
0.0236673
0.0236207
0.0235761
0.0235336
0.0234937
0.023458
0.0234291
0.0234079
0.0233937
0.023385
0.023382
0.0233865
0.0233986
0.0234158
0.0234361
0.0234596
0.0234876
0.0235199
0.0235561
0.0235955
0.0236375
0.0236806
0.0237233
0.023764
0.0238008
0.0238319
0.0238571
0.0238782
0.0238985
0.0239203
0.0239438
0.0239689
0.0239965
0.024026
0.0240558
0.0240856
0.0241156
0.0241455
0.0241743
0.0242011
0.0242246
0.0242443
0.02426
0.0242711
0.0242782
0.0242815
0.0242796
0.0242706
0.0242539
0.024231
0.0242056
0.0241819
0.0241625
0.0241474
0.0241351
0.0241242
0.0241148
0.0241084
0.0241066
0.0241093
0.0241144
0.0241203
0.0241255
0.0241273
0.0241223
0.0241077
0.0240826
0.024047
0.0240008
0.0239461
0.0238874
0.0238285
0.0237716
0.0237188
0.023672
0.0236323
0.0235998
0.0235739
0.0235538
0.0235378
0.0235257
0.0235184
0.0235149
0.0235136
0.0235148
0.0235214
0.0235355
0.0235584
0.0235917
0.0236355
0.0236871
0.0237441
0.0238082
0.0238811
0.0239598
0.0240395
0.0241176
0.0241921
0.0242611
0.0243242
0.0243815
0.024433
0.0244795
0.0245219
0.0245608
0.0245965
0.0246302
0.0246626
0.0246928
0.0247195
0.0247416
0.0247579
0.0247679
0.024773
0.0247742
0.0247704
0.02476
0.0247422
0.0247171
0.0246864
0.0246537
0.024621
0.0245871
0.0245501
0.0245113
0.0244736
0.0244397
0.0244112
0.0243881
0.0243683
0.024349
0.0243295
0.0243095
0.0242885
0.0242665
0.0242443
0.0242236
0.0242065
0.0241942
0.0241854
0.0241777
0.0241694
0.0241612
0.0241553
0.0241533
0.0241551
0.0241594
0.024165
0.02417
0.0241725
0.0241714
0.0241669
0.0241599
0.0241515
0.0241423
0.024132
0.0241195
0.0241049
0.0240891
0.0240735
0.024059
0.024046
0.0240343
0.0240239
0.0240149
0.0240075
0.024002
0.023999
0.0239999
0.0240059
0.0240164
0.0240316
0.0240527
0.0240793
0.0241089
0.0241389
0.0241678
0.0241952
0.0242204
0.0242418
0.0242588
0.0242727
0.0242834
0.0242903
0.0242941
0.0242964
0.024298
0.0242983
0.0242969
0.0242953
0.0242963
0.024301
0.024309
0.0243195
0.0243319
0.0243453
0.0243574
0.0243662
0.0243709
0.0243715
0.0243677
0.0243589
0.024345
0.0243254
0.0243005
0.0242729
0.0242454
0.0242197
0.0241974
0.0241788
0.0241629
0.0241501
0.0241409
0.0241339
0.0241275
0.0241222
0.0241182
0.0241136
0.0241063
0.0240951
0.0240806
0.0240642
0.0240474
0.024031
0.0240153
0.0240003
0.0239865
0.0239741
0.023964
0.0239571
0.0239526
0.0239478
0.0239398
0.023927
0.0239095
0.0238892
0.0238675
0.0238455
0.0238242
0.0238044
0.0237866
0.0237721
0.0237623
0.0237572
0.0237558
0.0237578
0.0237637
0.0237724
0.0237807
0.0237852
0.0237841
0.0237767
0.0237633
0.0237452
0.0237231
0.0236971
0.0236663
0.0236285
0.0235829
0.0235318
0.0234802
0.0234323
0.0233899
0.0233537
0.023324
0.0233018
0.0232904
0.0232926
0.023309
0.0233381
0.0233776
0.0234255
0.0234813
0.0235448
0.0236148
0.0236875
0.0237571
0.0238183
0.0238681
0.0239055
0.0239312
0.0239464
0.0239527
0.0239509
0.0239423
0.0239293
0.0239144
0.0238995
0.0238853
0.0238705
0.0238528
0.0238306
0.0238053
0.0237804
0.0237579
0.0237381
0.0237211
0.023708
0.0237003
0.0236978
0.0236985
0.0237005
0.0237021
0.0237029
0.0237022
0.0236995
0.0236952
0.0236899
0.0236821
0.0236696
0.0236524
0.0236318
0.0236086
0.0235831
0.0235558
0.0235292
0.0235053
0.0234842
0.0234659
0.0234513
0.023442
0.0234388
0.0234411
0.0234486
0.0234628
0.0234846
0.0235138
0.0235487
0.0235886
0.0236339
0.0236843
0.0237378
0.0237917
0.0238442
0.0238936
0.023938
0.0239769
0.0240118
0.024045
0.0240782
0.0241121
0.0241461
0.0241798
0.0242124
0.0242429
0.0242707
0.0242943
0.0243108
0.0243185
0.0243187
0.0243145
0.024309
0.024305
0.0243034
0.0243035
0.0243039
0.024304
0.0243054
0.0243103
0.0243189
0.0243298
0.024341
0.0243509
0.0243571
0.0243583
0.0243548
0.0243471
0.0243348
0.0243177
0.0242959
0.0242695
0.024238
0.0242004
0.0241562
0.0241066
0.0240536
0.0239984
0.0239406
0.023881
0.0238221
0.0237668
0.0237182
0.0236787
0.0236484
0.0236259
0.0236115
0.0236058
0.0236071
0.0236128
0.0236223
0.0236374
0.0236607
0.0236933
0.0237341
0.0237809
0.023831
0.0238815
0.0239295
0.023975
0.0240196
0.0240634
0.0241049
0.0241426
0.024176
0.0242064
0.0242355
0.0242646
0.0242949
0.024328
0.0243645
0.0244046
0.0244489
0.0244961
0.0245437
0.0245906
0.0246369
0.0246814
0.0247222
0.0247586
0.0247934
0.024826
0.0248509
0.0248637
0.0248578
0.0248227
0.0247506
0.0246365
0.0244775
0.0242704
0.0240109
0.0237013
0.0233555
0.022993
0.0226269
0.0222624
0.0219059
0.0215658
0.0212485
0.0209594
0.0207023
0.0204778
0.0202826
0.0201113
0.0199601
0.0198276
0.0197148
0.0196268
0.0195729
0.0195637
0.0196066
0.0197033
0.0198523
0.02005
0.0202917
0.020572
0.0208848
0.0212234
0.0215802
0.0219481
0.0223208
0.0226923
0.0230594
0.0234225
0.0237837
0.0241438
0.0245035
0.0248637
0.0252262
0.025595
0.0259748
0.02637
0.026781
0.0272068
0.0276485
0.0281073
0.0285806
0.0290645
0.029556
0.030049
0.0305322
0.0309942
0.0314261
0.0318233
0.0321852
0.0325121
0.0328061
0.0330722
0.0333142
0.0335313
0.0337198
0.0338759
0.0339961
0.0340788
0.0341237
0.0341271
0.034081
0.0339764
0.0338076
0.0335711
0.0332661
0.0328957
0.0324656
0.0319825
0.0314557
0.0308966
0.0303148
0.0297162
0.0291038
0.0284784
0.0278414
0.0271961
0.0265472
0.0258986
0.0252519
0.0246082
0.0239682
0.0233325
0.0227034
0.0220862
0.021489
0.0209191
0.0203824
0.0198837
0.0194267
0.0190123
0.0186407
0.018314
0.0180322
0.0177899
0.0175808
0.0174026
0.017257
0.0171459
0.017069
0.017023
0.0170038
0.0170071
0.0170302
0.0170716
0.0171308
0.0172074
0.0173005
0.0174086
0.0175299
0.0176639
0.0178118
0.0179755
0.0181553
0.0183511
0.0185638
0.0187934
0.0190379
0.0192956
0.0195655
0.0198463
0.0201381
0.0204428
0.0207625
0.0210982
0.0214497
0.0218153
0.0221912
0.0225737
0.0229596
0.0233466
0.0237332
0.0241192
0.0245037
0.0248844
0.0252588
0.0256248
0.0259814
0.0263267
0.0266592
0.0269781
0.0272826
0.0275707
0.0278401
0.0280898
0.0283182
0.0285227
0.0287022
0.0288574
0.0289896
0.0290996
0.029188
0.0292556
0.0293016
0.0293255
0.0293284
0.0293122
0.0292788
0.0292303
0.029168
0.0290928
0.0290051
0.0289047
0.0287903
0.0286597
0.0285117
0.0283453
0.0281598
0.0279556
0.0277341
0.0274979
0.0272504
0.0269936
0.0267278
0.0264514
0.0261644
0.0258694
0.0255716
0.0252761
0.0249847
0.0246966
0.0244107
0.0241266
0.0238448
0.0235662
0.0232926
0.0230274
0.0227742
0.0225341
0.0223056
0.0220883
0.0218836
0.0216933
0.0215171
0.0213538
0.0212031
0.0210656
0.0209417
0.0208316
0.0207345
0.0206494
0.0205766
0.0205178
0.0204756
0.0204517
0.0204455
0.020455
0.0204803
0.020523
0.0205867
0.0206733
0.0207808
0.0209051
0.0210435
0.0211953
0.0213606
0.0215392
0.02173
0.021931
0.0221405
0.022357
0.0225783
0.0228018
0.0230244
0.0232433
0.0234561
0.0236616
0.0238589
0.0240457
0.024219
0.0243779
0.024523
0.0246549
0.0247751
0.0248864
0.0249919
0.0250929
0.0251871
0.025271
0.0253438
0.0254092
0.0254721
0.0255352
0.0255987
0.0256612
0.0257206
0.0257762
0.0258286
0.0258784
0.0259243
0.0259634
0.0259924
0.0260089
0.0260121
0.0260025
0.0259806
0.0259464
0.0258982
0.0258351
0.0257572
0.0256662
0.0255627
0.0254473
0.0253218
0.0251882
0.025048
0.0249018
0.02475
0.0245938
0.0244363
0.0242801
0.0241263
0.0239746
0.023825
0.0236772
0.02353
0.023381
0.0232296
0.0230776
0.0229273
0.0227796
0.0226369
0.0225024
0.0223771
0.0222605
0.0221515
0.0220514
0.0219625
0.021886
0.0218213
0.0217693
0.0217319
0.021709
0.0216982
0.0216965
0.0217032
0.0217181
0.021741
0.0217713
0.0218082
0.0218508
0.0218987
0.0219519
0.022012
0.0220827
0.0221669
0.0222637
0.0223703
0.0224845
0.0226048
0.0227291
0.0228553
0.0229804
0.0231003
0.0232145
0.023325
0.0234341
0.023542
0.023649
0.023758
0.0238712
0.0239891
0.0241117
0.0242389
0.0243696
0.0245003
0.0246294
0.0247574
0.0248843
0.0250086
0.0251297
0.025248
0.0253612
0.0254657
0.0255594
0.0256419
0.0257131
0.0257734
0.0258238
0.0258646
0.0258941
0.0259108
0.0259152
0.0259096
0.0258957
0.0258744
0.0258454
0.0258067
0.0257577
0.0256994
0.0256322
0.0255541
0.0254637
0.0253603
0.0252441
0.0251161
0.0249777
0.0248282
0.0246659
0.0244922
0.0243122
0.0241308
0.0239498
0.0237701
0.0235925
0.0234178
0.023247
0.023081
0.0229211
0.0227692
0.022629
0.0225041
0.0223967
0.0223087
0.0222408
0.0221916
0.0221589
0.0221418
0.0221401
0.0221523
0.0221761
0.0222098
0.0222528
0.0223041
0.0223618
0.0224261
0.0224987
0.0225809
0.0226716
0.0227693
0.0228738
0.0229854
0.0231036
0.0232261
0.0233514
0.0234784
0.0236055
0.0237305
0.0238522
0.0239716
0.0240893
0.024203
0.0243105
0.0244103
0.0245004
0.0245778
0.0246414
0.0246919
0.024731
0.0247619
0.0247873
0.024808
0.0248238
0.0248363
0.0248468
0.0248551
0.0248613
0.0248661
0.0248684
0.0248655
0.0248566
0.0248427
0.0248252
0.0248056
0.0247846
0.0247608
0.024734
0.0247046
0.0246715
0.0246317
0.0245839
0.0245286
0.0244677
0.0244032
0.0243362
0.0242677
0.0241999
0.0241347
0.0240716
0.02401
0.0239505
0.023894
0.0238405
0.0237893
0.0237412
0.0236981
0.0236598
0.0236236
0.023587
0.0235472
0.0235021
0.0234518
0.0233998
0.0233505
0.0233055
0.0232664
0.0232359
0.0232165
0.0232099
0.0232159
0.0232334
0.0232616
0.0232993
0.0233456
0.0234004
0.0234639
0.023533
0.023602
0.0236667
0.0237241
0.0237735
0.0238177
0.0238618
0.0239102
0.0239651
0.0240273
0.0240967
0.0241731
0.0242551
0.0243407
0.024427
0.02451
0.0245871
0.0246583
0.0247237
0.0247814
0.0248288
0.0248651
0.0248917
0.0249118
0.0249297
0.0249479
0.0249663
0.0249841
0.0250006
0.0250149
0.0250267
0.0250375
0.0250475
0.0250542
0.025055
0.0250474
0.0250302
0.0250037
0.0249689
0.0249268
0.0248789
0.0248265
0.0247718
0.0247167
0.024661
0.0246047
0.0245484
0.024492
0.0244356
0.0243796
0.0243246
0.0242713
0.0242191
0.024167
0.0241157
0.0240679
0.0240263
0.0239925
0.0239673
0.0239508
0.0239439
0.0239474
0.0239598
0.023977
0.0239942
0.0240082
0.0240179
0.0240244
0.0240282
0.0240272
0.0240201
0.0240087
0.0239968
0.0239876
0.0239837
0.0239858
0.0239928
0.0240029
0.0240139
0.0240249
0.0240369
0.0240514
0.0240691
0.0240899
0.0241129
0.0241372
0.0241615
0.0241844
0.0242048
0.0242236
0.0242413
0.0242569
0.02427
0.0242814
0.024293
0.0243055
0.0243176
0.0243279
0.0243359
0.0243421
0.0243474
0.0243528
0.0243584
0.0243643
0.024371
0.0243786
0.0243868
0.0243946
0.0244013
0.0244067
0.0244096
0.0244093
0.0244042
0.0243912
0.0243686
0.0243379
0.0243027
0.0242663
0.0242321
0.0242026
0.0241794
0.0241628
0.0241505
0.0241393
0.0241261
0.024109
0.0240891
0.0240689
0.0240507
0.0240357
0.0240242
0.0240167
0.0240136
0.0240137
0.0240145
0.0240134
0.0240093
0.0240028
0.0239953
0.0239875
0.0239778
0.0239637
0.0239443
0.0239211
0.0238962
0.0238721
0.0238506
0.0238316
0.0238128
0.023792
0.0237696
0.0237482
0.0237311
0.0237208
0.0237189
0.0237257
0.0237405
0.0237635
0.023796
0.0238369
0.0238837
0.0239343
0.023987
0.0240404
0.0240941
0.0241482
0.0242033
0.0242596
0.0243168
0.024374
0.02443
0.0244827
0.0245307
0.0245736
0.0246113
0.0246432
0.0246692
0.02469
0.0247065
0.0247184
0.0247249
0.0247269
0.024725
0.024719
0.0247097
0.0246984
0.0246858
0.024672
0.0246572
0.0246421
0.0246263
0.0246096
0.0245917
0.0245736
0.0245517
0.0245064
0.0244158
0.0242782
0.0241065
0.0239225
0.023749
0.0235896
0.0234366
0.0232917
0.0231649
0.0230617
0.0229779
0.022911
0.0228656
0.0228455
0.0228491
0.0228751
0.0229241
0.0229918
0.0230692
0.0231498
0.0232315
0.0233142
0.0233962
0.023475
0.0235501
0.0236226
0.0236929
0.0237609
0.0238252
0.0238838
0.0239345
0.0239768
0.024013
0.0240461
0.024078
0.0241087
0.0241373
0.024163
0.0241861
0.0242078
0.0242303
0.0242544
0.0242792
0.0243028
0.0243233
0.0243406
0.0243569
0.0243739
0.0243902
0.0244033
0.0244104
0.0244093
0.0243983
0.0243778
0.0243493
0.0243137
0.0242705
0.0242197
0.0241621
0.0240995
0.0240333
0.0239642
0.0238925
0.0238193
0.0237463
0.0236756
0.0236105
0.0235544
0.0235075
0.0234675
0.0234305
0.0233942
0.0233582
0.0233219
0.0232845
0.0232455
0.0232049
0.0231641
0.023126
0.0230938
0.0230688
0.0230523
0.0230452
0.023048
0.0230603
0.0230815
0.0231107
0.0231458
0.0231853
0.0232296
0.0232795
0.0233361
0.0233998
0.0234693
0.0235418
0.0236154
0.0236904
0.0237674
0.0238476
0.023931
0.0240172
0.024105
0.0241917
0.0242744
0.0243506
0.0244167
0.0244691
0.0245069
0.0245314
0.0245436
0.0245446
0.0245357
0.0245179
0.0244915
0.0244582
0.0244203
0.0243788
0.0243329
0.024282
0.0242259
0.0241669
0.0241085
0.0240534
0.0240024
0.0239551
0.0239107
0.0238689
0.0238297
0.0237925
0.0237565
0.0237211
0.0236876
0.0236572
0.0236302
0.0236057
0.0235819
0.0235578
0.0235344
0.0235123
0.0234935
0.0234807
0.0234742
0.0234717
0.0234705
0.023469
0.0234662
0.0234619
0.0234556
0.0234468
0.0234352
0.0234199
0.0234008
0.0233789
0.0233563
0.0233373
0.023325
0.0233205
0.0233245
0.0233372
0.0233573
0.0233818
0.0234082
0.0234351
0.0234622
0.0234908
0.0235233
0.0235612
0.0236038
0.0236507
0.0237025
0.0237599
0.0238231
0.0238909
0.0239613
0.0240324
0.024102
0.0241684
0.0242303
0.0242861
0.0243349
0.0243772
0.024414
0.0244457
0.0244722
0.0244934
0.0245101
0.0245229
0.024532
0.0245378
0.0245409
0.0245407
0.0245369
0.0245289
0.0245158
0.0244963
0.0244704
0.02444
0.024408
0.0243766
0.0243457
0.0243148
0.0242829
0.0242501
0.0242173
0.0241845
0.024152
0.0241214
0.0240934
0.0240664
0.0240389
0.0240116
0.0239855
0.0239607
0.0239366
0.0239116
0.023885
0.0238568
0.0238273
0.0237963
0.0237636
0.0237303
0.0236988
0.0236695
0.0236425
0.0236199
0.0236029
0.0235898
0.0235776
0.0235643
0.0235506
0.0235389
0.023531
0.0235281
0.023532
0.0235441
0.0235657
0.0235975
0.0236402
0.0236936
0.0237568
0.0238275
0.0239023
0.0239777
0.0240511
0.0241207
0.0241862
0.0242461
0.0242982
0.0243407
0.0243742
0.0244005
0.0244201
0.0244313
0.0244323
0.0244238
0.0244096
0.0243951
0.0243853
0.024381
0.0243807
0.024383
0.0243874
0.0243931
0.0243974
0.0243981
0.0243945
0.0243866
0.024374
0.0243553
0.0243299
0.024299
0.024265
0.0242297
0.0241939
0.0241597
0.0241306
0.0241086
0.0240933
0.0240841
0.0240801
0.0240803
0.0240837
0.0240891
0.0240955
0.0241025
0.0241093
0.0241153
0.0241204
0.0241253
0.0241299
0.0241333
0.0241343
0.0241332
0.0241292
0.0241226
0.0241153
0.0241096
0.0241066
0.0241049
0.0241021
0.0240973
0.0240907
0.024083
0.0240751
0.0240672
0.0240579
0.0240462
0.0240332
0.0240213
0.0240119
0.0240047
0.0239997
0.0239965
0.0239939
0.0239908
0.023986
0.023979
0.0239704
0.0239618
0.0239535
0.0239448
0.0239362
0.0239288
0.0239229
0.0239182
0.0239143
0.0239117
0.0239119
0.023916
0.0239235
0.0239318
0.0239386
0.0239441
0.0239488
0.0239523
0.023954
0.023953
0.0239485
0.0239399
0.0239266
0.0239088
0.0238872
0.0238632
0.0238395
0.0238186
0.0238012
0.0237852
0.0237688
0.0237513
0.0237335
0.0237173
0.0237051
0.0236979
0.0236948
0.0236938
0.023693
0.023693
0.0236956
0.0237005
0.0237053
0.0237076
0.023706
0.0236988
0.0236865
0.0236713
0.0236547
0.0236364
0.0236157
0.0235949
0.0235768
0.0235628
0.0235533
0.0235495
0.0235528
0.0235642
0.0235831
0.0236089
0.0236423
0.023683
0.0237288
0.0237764
0.0238234
0.0238688
0.0239134
0.0239594
0.0240074
0.0240556
0.0241015
0.0241449
0.0241878
0.0242328
0.0242804
0.0243285
0.0243745
0.0244145
0.0244459
0.0244683
0.0244832
0.0244918
0.0244942
0.0244903
0.0244804
0.0244652
0.0244451
0.0244196
0.0243871
0.0243461
0.0242973
0.0242428
0.0241866
0.0241336
0.0240863
0.0240438
0.0240027
0.0239619
0.0239227
0.0238847
0.0238463
0.0238069
0.0237678
0.023731
0.0236979
0.0236691
0.0236444
0.0236243
0.0236091
0.0235977
0.0235892
0.023583
0.023579
0.0235771
0.0235774
0.0235803
0.0235852
0.0235906
0.0235954
0.0236007
0.023608
0.0236182
0.0236316
0.023647
0.023662
0.0236757
0.0236889
0.0237005
0.0237072
0.0237067
0.0237006
0.023692
0.0236827
0.0236736
0.0236649
0.0236568
0.0236511
0.0236504
0.0236536
0.0236579
0.0236621
0.0236679
0.0236767
0.0236877
0.0236991
0.0237099
0.0237201
0.0237305
0.023741
0.0237517
0.0237629
0.0237751
0.0237881
0.0238021
0.0238177
0.0238359
0.0238561
0.023876
0.0238944
0.0239126
0.0239316
0.0239518
0.0239739
0.0239988
0.0240268
0.0240564
0.0240861
0.0241149
0.0241425
0.0241698
0.0241977
0.0242258
0.0242523
0.0242749
0.0242923
0.0243037
0.02431
0.0243114
0.0243085
0.0243021
0.0242935
0.0242828
0.0242695
0.024254
0.0242371
0.0242194
0.0242011
0.0241832
0.0241684
0.0241586
0.0241546
0.0241557
0.0241604
0.0241683
0.0241793
0.0241923
0.0242067
0.024222
0.0242372
0.0242523
0.0242682
0.0242851
0.0243029
0.0243212
0.0243403
0.0243609
0.0243845
0.0244118
0.0244432
0.0244785
0.0245165
0.0245553
0.0245939
0.0246318
0.0246683
0.0247027
0.0247344
0.0247633
0.0247888
0.0248116
0.0248326
0.0248515
0.0248677
0.0248815
0.0248935
0.0249024
0.0249065
0.0249065
0.0249041
0.0248992
0.0248897
0.0248745
0.0248527
0.0248226
0.0247827
0.0247342
0.0246788
0.0246171
0.0245495
0.0244775
0.0244039
0.0243309
0.02426
0.0241914
0.0241254
0.0240619
0.0240005
0.0239407
0.0238819
0.0238239
0.0237652
0.0237052
0.0236446
0.0235841
0.0235231
0.0234616
0.0234009
0.0233425
0.0232876
0.0232373
0.0231914
0.0231489
0.0231105
0.023078
0.0230533
0.0230368
0.0230274
0.0230231
0.0230238
0.0230305
0.0230463
0.0230741
0.0231146
0.0231663
0.023227
0.0232948
0.0233691
0.02345
0.0235378
0.0236315
0.0237308
0.0238361
0.0239461
0.024057
0.0241658
0.024271
0.02437
0.0244595
0.0245381
0.0246057
0.024662
0.0247065
0.02474
0.0247626
0.024773
0.0247721
0.0247632
0.0247491
0.0247306
0.0247078
0.0246804
0.0246479
0.0246099
0.0245659
0.0245164
0.0244632
0.0244072
0.0243478
0.024284
0.0242161
0.0241463
0.0240773
0.0240104
0.0239448
0.0238795
0.0238142
0.0237492
0.0236839
0.0236176
0.02355
0.0234829
0.0234196
0.0233637
0.023318
0.0232834
0.0232588
0.0232421
0.0232326
0.0232312
0.0232383
0.0232527
0.0232733
0.0232999
0.0233316
0.0233655
0.023398
0.0234283
0.0234577
0.0234876
0.0235182
0.02355
0.023583
0.0236157
0.0236466
0.0236755
0.0237012
0.0237228
0.0237404
0.0237542
0.0237647
0.0237723
0.0237765
0.0237767
0.0237741
0.0237703
0.0237675
0.0237668
0.0237682
0.0237719
0.0237788
0.0237906
0.0238097
0.0238371
0.023873
0.0239181
0.0239727
0.0240354
0.0241037
0.024175
0.0242466
0.0243164
0.0243826
0.0244425
0.0244935
0.0245347
0.0245684
0.0245968
0.024619
0.0246338
0.0246426
0.0246476
0.0246498
0.0246496
0.0246482
0.0246472
0.0246473
0.0246484
0.0246482
0.0246443
0.024637
0.0246292
0.0246225
0.024617
0.0246123
0.0246064
0.0245961
0.02458
0.0245593
0.0245363
0.0245127
0.0244891
0.0244632
0.0244326
0.024397
0.0243575
0.0243168
0.0242769
0.0242386
0.0242001
0.024159
0.0241138
0.0240656
0.0240166
0.0239687
0.0239225
0.0238766
0.023829
0.0237795
0.0237295
0.023681
0.0236352
0.0235919
0.0235517
0.0235169
0.0234911
0.0234769
0.0234741
0.0234808
0.0234954
0.0235167
0.0235421
0.0235699
0.0235998
0.02363
0.0236588
0.0236847
0.0237067
0.0237267
0.0237479
0.0237722
0.0237984
0.0238261
0.0238558
0.0238888
0.023927
0.02397
0.0240137
0.0240538
0.0240887
0.0241179
0.0241395
0.0241519
0.0241557
0.0241526
0.0241438
0.0241294
0.0241091
0.0240823
0.0240506
0.0240164
0.0239818
0.0239498
0.023923
0.0239022
0.0238861
0.0238734
0.0238639
0.0238591
0.0238599
0.0238654
0.0238749
0.0238886
0.0239066
0.0239264
0.0239439
0.0239584
0.023971
0.0239811
0.0239889
0.0239961
0.0240036
0.0240102
0.0240139
0.0240127
0.0240063
0.0239962
0.0239838
0.0239686
0.0239503
0.0239306
0.0239121
0.023896
0.0238817
0.023869
0.0238576
0.0238471
0.0238365
0.0238246
0.0238111
0.0237951
0.0237756
0.0237535
0.0237305
0.0237071
0.0236832
0.0236596
0.0236377
0.0236188
0.0236034
0.0235916
0.0235833
0.0235774
0.0235732
0.023571
0.0235714
0.0235758
0.0235844
0.0235956
0.0236072
0.0236183
0.0236291
0.0236403
0.0236528
0.0236671
0.0236834
0.023701
0.0237179
0.0237307
0.0237362
0.0237331
0.0237226
0.0237089
0.0236963
0.0236887
0.0236882
0.0236937
0.0237025
0.0237139
0.0237292
0.0237496
0.0237754
0.023805
0.023836
0.0238659
0.023894
0.0239209
0.0239473
0.0239732
0.0239978
0.0240198
0.0240383
0.0240535
0.0240653
0.0240723
0.0240733
0.0240685
0.0240598
0.0240482
0.0240333
0.0240164
0.0239995
0.0239847
0.0239732
0.0239658
0.0239637
0.0239677
0.0239792
0.0239996
0.0240291
0.024067
0.0241124
0.0241634
0.0242164
0.0242676
0.024315
0.0243585
0.0243982
0.0244336
0.0244642
0.0244896
0.0245099
0.0245244
0.0245321
0.024532
0.0245238
0.0245088
0.0244891
0.0244655
0.0244375
0.0244049
0.0243686
0.0243294
0.0242867
0.0242387
0.0241845
0.0241256
0.0240637
0.0239996
0.0239354
0.0238746
0.0238209
0.023776
0.0237405
0.023714
0.023695
0.0236813
0.0236703
0.0236613
0.0236558
0.0236572
0.0236685
0.0236901
0.0237192
0.0237513
0.023783
0.0238127
0.0238404
0.0238672
0.0238945
0.0239243
0.0239573
0.0239923
0.0240282
0.024064
0.0240989
0.0241319
0.024162
0.0241878
0.0242079
0.0242223
0.0242315
0.024236
0.0242349
0.0242288
0.0242201
0.024211
0.0242021
0.0241932
0.0241846
0.0241768
0.0241705
0.0241659
0.0241622
0.024157
0.024148
0.0241348
0.024118
0.0240978
0.0240741
0.024049
0.0240246
0.0240027
0.0239846
0.0239703
0.0239601
0.0239538
0.0239508
0.0239504
0.0239504
0.023948
0.0239421
0.0239337
0.0239242
0.0239145
0.0239059
0.0238991
0.0238945
0.0238925
0.0238934
0.0238972
0.0239029
0.0239097
0.0239165
0.0239226
0.023927
0.0239272
0.0239209
0.0239067
0.023886
0.0238607
0.0238323
0.0238014
0.0237697
0.0237388
0.0237107
0.0236865
0.023667
0.023653
0.0236457
0.0236453
0.0236519
0.0236645
0.0236812
0.0237006
0.023722
0.0237439
0.023765
0.0237848
0.0238037
0.0238211
0.0238365
0.023849
0.023858
0.0238635
0.0238645
0.0238583
0.0238437
0.0238231
0.0237997
0.0237747
0.0237485
0.0237229
0.0237003
0.0236815
0.0236666
0.0236561
0.0236505
0.0236503
0.0236553
0.023664
0.0236751
0.0236873
0.0237001
0.0237134
0.0237279
0.023744
0.0237608
0.0237776
0.0237938
0.0238097
0.0238272
0.0238486
0.0238755
0.0239081
0.0239454
0.0239854
0.0240278
0.0240741
0.0241242
0.024177
0.0242304
0.0242824
0.0243321
0.0243788
0.024421
0.0244582
0.0244907
0.0245172
0.0245375
0.0245531
0.0245644
0.0245697
0.0245673
0.0245556
0.0245339
0.024502
0.0244606
0.0244107
0.024353
0.0242884
0.0242173
0.0241398
0.0240577
0.0239749
0.0238947
0.0238179
0.0237456
0.023679
0.0236195
0.0235686
0.0235271
0.0234948
0.0234708
0.0234544
0.0234441
0.0234378
0.023434
0.0234321
0.0234332
0.0234384
0.0234488
0.0234648
0.0234875
0.0235187
0.0235573
0.0235986
0.0236395
0.023679
0.0237176
0.0237563
0.0237956
0.0238343
0.023871
0.0239055
0.0239384
0.0239708
0.0240026
0.0240335
0.0240637
0.0240932
0.0241211
0.0241465
0.0241686
0.0241872
0.0242025
0.0242137
0.024218
0.0242132
0.0241995
0.0241779
0.0241498
0.0241167
0.0240815
0.0240481
0.0240186
0.0239923
0.0239675
0.023943
0.0239177
0.023891
0.0238633
0.0238346
0.0238047
0.023774
0.0237429
0.0237108
0.0236785
0.0236485
0.0236219
0.023599
0.0235813
0.0235705
0.0235671
0.0235708
0.0235812
0.0235975
0.023618
0.023642
0.0236708
0.0237048
0.0237424
0.0237812
0.0238198
0.0238575
0.023893
0.0239245
0.0239503
0.0239682
0.0239757
0.0239721
0.0239585
0.0239373
0.0239104
0.0238775
0.023838
0.023793
0.0237441
0.0236912
0.0236354
0.0235802
0.0235288
0.0234825
0.0234422
0.0234101
0.0233868
0.0233722
0.0233676
0.0233748
0.0233944
0.0234246
0.0234631
0.0235072
0.0235553
0.0236069
0.0236624
0.0237226
0.0237872
0.0238546
0.0239226
0.0239885
0.0240512
0.0241116
0.0241709
0.0242287
0.0242837
0.0243339
0.0243771
0.0244113
0.0244349
0.0244467
0.0244462
0.024434
0.024412
0.0243818
0.0243446
0.0243026
0.0242594
0.0242185
0.0241811
0.0241468
0.0241154
0.0240868
0.0240607
0.0240365
0.0240133
0.0239894
0.0239625
0.0239315
0.0238973
0.0238611
0.0238224
0.0237794
0.0237312
0.0236787
0.0236235
0.0235679
0.0235152
0.0234689
0.0234328
0.0234097
0.0234003
0.0234038
0.0234181
0.0234398
0.0234659
0.0234934
0.0235205
0.0235461
0.0235706
0.0235943
0.0236173
0.0236387
0.0236594
0.0236818
0.0237072
0.0237346
0.0237628
0.0237916
0.0238213
0.0238521
0.0238845
0.0239209
0.023964
0.0240156
0.0240762
0.0241445
0.024219
0.0242984
0.0243801
0.0244617
0.0245411
0.024616
0.0246837
0.0247421
0.0247905
0.0248297
0.0248596
0.0248787
0.0248862
0.0248823
0.0248659
0.0248366
0.0247965
0.0247484
0.0246938
0.024631
0.0245591
0.0244809
0.0244003
0.0243204
0.0242433
0.0241713
0.0241064
0.024049
0.023999
0.0239565
0.0239207
0.0238906
0.0238658
0.0238465
0.0238323
0.0238215
0.0238127
0.0238078
0.0238103
0.0238215
0.0238401
0.023864
0.0238915
0.0239217
0.0239541
0.0239876
0.0240202
0.0240491
0.0240723
0.0240899
0.0241028
0.024111
0.024115
0.0241148
0.0241105
0.0241025
0.0240919
0.0240783
0.0240592
0.0240326
0.0239983
0.0239577
0.0239136
0.0238695
0.0238278
0.0237885
0.0237508
0.0237158
0.0236861
0.0236628
0.0236461
0.0236359
0.023631
0.0236312
0.0236372
0.023649
0.0236666
0.0236906
0.0237207
0.0237544
0.0237901
0.023828
0.0238681
0.0239078
0.0239439
0.0239736
0.0239953
0.0240092
0.024017
0.0240188
0.0240138
0.0240022
0.0239868
0.0239719
0.0239614
0.0239569
0.0239572
0.0239589
0.0239599
0.0239619
0.0239685
0.0239805
0.0239968
0.0240166
0.0240393
0.0240637
0.0240873
0.0241086
0.0241274
0.0241422
0.0241496
0.0241461
0.0241309
0.0241051
0.0240696
0.0240252
0.0239745
0.0239201
0.0238639
0.0238084
0.0237589
0.0237211
0.0236967
0.0236838
0.0236797
0.023682
0.0236897
0.0237034
0.023722
0.0237443
0.0237704
0.0238004
0.0238346
0.0238727
0.0239143
0.023959
0.0240064
0.0240548
0.0241023
0.0241491
0.0241961
0.0242436
0.0242896
0.0243302
0.0243636
0.0243917
0.024417
0.0244399
0.0244602
0.0244778
0.0244927
0.0245052
0.0245154
0.0245247
0.0245339
0.0245417
0.024545
0.0245412
0.0245293
0.0245101
0.0244847
0.0244527
0.0244129
0.0243646
0.0243089
0.0242479
0.0241824
0.0241117
0.0240355
0.0239544
0.0238705
0.0237874
0.0237083
0.0236346
0.0235675
0.0235097
0.0234633
0.0234271
0.0233994
0.0233792
0.0233668
0.0233626
0.0233675
0.0233813
0.0234022
0.0234278
0.0234578
0.023494
0.0235377
0.0235883
0.023643
0.023698
0.0237505
0.0237985
0.0238411
0.023879
0.0239127
0.0239435
0.0239723
0.0239993
0.0240243
0.0240474
0.0240698
0.0240916
0.0241111
0.0241263
0.0241375
0.0241472
0.0241568
0.0241664
0.0241752
0.0241834
0.0241928
0.0242056
0.0242216
0.0242388
0.0242549
0.0242691
0.0242831
0.0242987
0.0243162
0.0243347
0.0243543
0.0243762
0.024401
0.0244286
0.024459
0.0244912
0.0245234
0.0245548
0.0245851
0.0246125
0.0246348
0.0246506
0.024659
0.0246602
0.0246563
0.0246487
0.0246374
0.0246227
0.0246056
0.0245866
0.0245647
0.0245394
0.0245105
0.0244782
0.0244432
0.0244062
0.0243663
0.0243223
0.0242746
0.0242263
0.0241816
0.0241427
0.0241103
0.0240852
0.0240685
0.02406
0.0240568
0.024056
0.024056
0.0240563
0.0240553
0.0240512
0.024044
0.0240356
0.0240279
0.0240213
0.0240152
0.0240095
0.024006
0.0240079
0.0240186
0.0240395
0.0240688
0.0241034
0.0241406
0.0241792
0.0242178
0.0242549
0.0242897
0.0243208
0.0243457
0.0243619
0.024368
0.0243638
0.0243509
0.0243321
0.0243096
0.0242843
0.0242567
0.0242276
0.0241979
0.0241665
0.0241326
0.0240962
0.0240571
0.0240143
0.0239679
0.0239205
0.0238752
0.0238342
0.0237989
0.02377
0.0237453
0.0237214
0.0236981
0.0236781
0.023663
0.0236518
0.0236446
0.0236421
0.0236447
0.0236506
0.0236566
0.0236597
0.0236582
0.0236516
0.02364
0.0236234
0.0236019
0.023577
0.0235507
0.023525
0.0235023
0.0234835
0.0234675
0.0234534
0.0234425
0.0234367
0.0234379
0.0234478
0.0234652
0.0234875
0.0235125
0.0235395
0.0235685
0.0236001
0.0236361
0.0236771
0.0237217
0.0237675
0.0238129
0.0238569
0.0238982
0.0239361
0.0239706
0.0240026
0.0240329
0.0240613
0.0240879
0.0241131
0.0241377
0.0241612
0.0241816
0.0241968
0.0242054
0.0242074
0.0242046
0.024198
0.0241872
0.0241712
0.0241503
0.0241264
0.0241016
0.0240775
0.0240537
0.0240291
0.0240015
0.0239684
0.0239285
0.0238833
0.0238362
0.0237901
0.0237471
0.0237104
0.0236824
0.0236639
0.023655
0.0236548
0.0236617
0.0236736
0.023689
0.0237085
0.0237332
0.0237632
0.0237982
0.0238382
0.023882
0.0239281
0.0239757
0.0240238
0.0240697
0.0241103
0.0241452
0.0241762
0.0242053
0.024233
0.0242589
0.0242821
0.0243026
0.024321
0.0243386
0.0243557
0.0243729
0.0243893
0.0244031
0.0244124
0.0244157
0.0244116
0.0244007
0.0243872
0.0243751
0.0243657
0.0243579
0.0243492
0.0243395
0.0243305
0.0243238
0.0243196
0.0243182
0.0243206
0.0243269
0.0243349
0.0243426
0.0243485
0.0243515
0.0243495
0.0243409
0.0243254
0.0243039
0.0242782
0.0242514
0.0242273
0.0242081
0.0241952
0.0241893
0.0241902
0.0241979
0.0242121
0.0242303
0.0242484
0.0242641
0.0242778
0.02429
0.0243012
0.0243115
0.0243205
0.0243285
0.0243374
0.0243496
0.0243665
0.0243874
0.024411
0.0244363
0.0244617
0.0244854
0.0245063
0.0245245
0.0245389
0.024547
0.024546
0.0245348
0.0245135
0.0244826
0.0244431
0.0243965
0.024344
0.0242855
0.0242223
0.024157
0.0240914
0.0240259
0.0239614
0.0238988
0.0238393
0.0237851
0.0237397
0.0237047
0.0236788
0.0236606
0.0236501
0.0236471
0.0236509
0.023661
0.0236777
0.0237006
0.023728
0.0237569
0.0237843
0.0238083
0.0238298
0.0238499
0.0238666
0.0238776
0.0238812
0.0238774
0.0238693
0.0238601
0.0238502
0.0238386
0.0238253
0.0238124
0.0238017
0.0237937
0.0237888
0.0237882
0.0237923
0.0238002
0.0238114
0.0238255
0.0238417
0.023859
0.0238759
0.0238902
0.0239011
0.0239089
0.0239133
0.0239149
0.0239145
0.0239127
0.0239089
0.0239037
0.0239003
0.0239016
0.0239093
0.0239229
0.0239405
0.0239587
0.0239744
0.0239857
0.023993
0.023998
0.0240024
0.0240072
0.0240139
0.0240227
0.0240323
0.0240411
0.0240482
0.0240539
0.0240593
0.0240648
0.0240688
0.0240691
0.0240652
0.0240586
0.0240494
0.0240373
0.0240226
0.0240065
0.0239896
0.0239729
0.0239585
0.0239474
0.0239395
0.0239344
0.0239319
0.023931
0.0239299
0.0239268
0.0239207
0.0239115
0.0238991
0.0238823
0.0238597
0.0238321
0.0238021
0.0237714
0.02374
0.0237087
0.0236802
0.0236575
0.0236419
0.0236322
0.0236272
0.0236277
0.0236345
0.0236465
0.023663
0.0236847
0.0237117
0.0237446
0.0237829
0.0238238
0.0238645
0.0239032
0.0239382
0.0239673
0.0239895
0.0240053
0.0240165
0.024025
0.0240309
0.024034
0.0240346
0.0240343
0.0240336
0.024031
0.024026
0.0240188
0.0240096
0.0239996
0.0239896
0.0239785
0.0239642
0.0239458
0.0239236
0.0238988
0.0238733
0.0238494
0.023828
0.0238076
0.0237873
0.0237674
0.0237485
0.0237306
0.0237157
0.023706
0.0237023
0.0237034
0.0237087
0.0237188
0.0237352
0.0237596
0.0237923
0.0238315
0.0238743
0.0239182
0.0239625
0.0240067
0.0240498
0.0240894
0.0241229
0.0241489
0.0241683
0.024184
0.0241973
0.0242074
0.0242139
0.0242181
0.0242225
0.0242298
0.024242
0.0242593
0.0242792
0.0242984
0.0243132
0.0243216
0.0243227
0.0243167
0.024305
0.024291
0.0242779
0.0242685
0.024264
0.0242644
0.024269
0.0242772
0.0242891
0.0243059
0.0243276
0.0243519
0.024377
0.0244014
0.0244229
0.0244389
0.0244481
0.0244502
0.0244444
0.0244304
0.0244091
0.0243811
0.0243456
0.024302
0.0242506
0.0241937
0.0241343
0.0240743
0.024014
0.0239547
0.0238977
0.0238441
0.0237947
0.0237493
0.0237057
0.0236619
0.0236182
0.0235766
0.0235389
0.023505
0.0234735
0.0234428
0.0234124
0.023383
0.0233559
0.0233323
0.0233116
0.023292
0.0232728
0.0232536
0.0232346
0.0232165
0.0232011
0.023191
0.0231884
0.0231947
0.0232102
0.0232352
0.0232691
0.0233108
0.0233574
0.0234051
0.0234508
0.0234937
0.0235338
0.023571
0.0236042
0.0236331
0.023658
0.0236804
0.0237017
0.0237236
0.0237483
0.0237781
0.0238131
0.0238514
0.0238901
0.0239268
0.0239607
0.0239921
0.0240189
0.0240386
0.0240509
0.024056
0.0240543
0.0240482
0.0240414
0.0240355
0.024031
0.0240279
0.0240247
0.0240205
0.0240165
0.0240152
0.0240198
0.0240323
0.024052
0.0240772
0.0241073
0.0241409
0.024175
0.0242073
0.0242381
0.024267
0.0242918
0.0243109
0.0243238
0.0243295
0.0243277
0.0243192
0.0243044
0.0242837
0.0242574
0.024226
0.0241912
0.0241539
0.0241143
0.0240738
0.0240355
0.0240023
0.0239755
0.0239552
0.0239402
0.0239285
0.0239181
0.0239081
0.0238991
0.0238921
0.0238877
0.0238868
0.0238905
0.0238978
0.0239067
0.023916
0.0239251
0.0239341
0.0239428
0.0239523
0.0239633
0.0239738
0.0239816
0.0239859
0.0239869
0.0239856
0.0239825
0.0239766
0.0239656
0.0239492
0.0239294
0.0239081
0.0238864
0.0238651
0.0238448
0.0238245
0.0238036
0.0237829
0.0237626
0.0237432
0.0237262
0.0237132
0.0237057
0.0237047
0.0237104
0.0237225
0.0237413
0.0237663
0.0237954
0.0238259
0.0238556
0.0238844
0.0239141
0.0239465
0.0239807
0.0240152
0.0240501
0.0240861
0.0241228
0.0241599
0.024196
0.0242283
0.0242551
0.0242781
0.0243001
0.0243214
0.0243411
0.0243595
0.024377
0.0243923
0.0244051
0.0244164
0.0244267
0.0244357
0.0244428
0.024445
0.0244395
0.024426
0.0244053
0.0243769
0.0243403
0.0242972
0.0242507
0.0242036
0.0241581
0.0241163
0.0240795
0.0240475
0.0240203
0.0239984
0.0239828
0.0239744
0.0239724
0.0239751
0.0239806
0.0239878
0.0239969
0.0240078
0.0240211
0.0240378
0.0240572
0.0240769
0.0240951
0.024111
0.0241239
0.024134
0.024142
0.0241477
0.0241491
0.0241448
0.0241351
0.0241227
0.024111
0.0241022
0.0240977
0.0240976
0.0241008
0.024106
0.0241115
0.0241161
0.0241198
0.0241229
0.0241246
0.0241253
0.0241261
0.0241278
0.0241306
0.0241341
0.0241377
0.0241414
0.0241449
0.0241481
0.0241514
0.0241546
0.0241574
0.0241593
0.0241607
0.0241628
0.0241666
0.0241725
0.0241787
0.0241833
0.0241851
0.0241838
0.0241807
0.0241778
0.0241751
0.0241707
0.0241628
0.0241509
0.0241366
0.0241212
0.0241046
0.0240872
0.0240697
0.0240514
0.0240315
0.0240116
0.0239952
0.023984
0.0239778
0.0239765
0.0239795
0.0239861
0.0239957
0.0240082
0.0240249
0.0240479
0.0240777
0.0241125
0.02415
0.0241892
0.0242293
0.0242694
0.0243077
0.0243422
0.0243712
0.0243931
0.0244065
0.0244102
0.0244033
0.0243866
0.0243614
0.0243289
0.0242911
0.0242513
0.0242119
0.0241736
0.0241361
0.0240994
0.024063
0.0240268
0.0239912
0.0239568
0.0239228
0.0238877
0.023851
0.0238136
0.0237769
0.0237429
0.0237121
0.0236829
0.0236549
0.0236285
0.0236032
0.0235768
0.0235473
0.0235139
0.0234769
0.0234358
0.02339
0.0233394
0.0232871
0.023238
0.0231957
0.0231617
0.0231375
0.0231263
0.0231299
0.0231482
0.0231791
0.0232211
0.0232727
0.0233321
0.0233976
0.023467
0.0235376
0.0236082
0.0236791
0.023751
0.0238224
0.0238912
0.0239544
0.0240085
0.0240517
0.0240849
0.0241104
0.0241299
0.0241437
0.0241518
0.024155
0.0241545
0.0241522
0.0241494
0.0241459
0.0241415
0.0241363
0.0241294
0.0241196
0.0241063
0.0240898
0.0240701
0.0240489
0.024028
0.0240082
0.0239906
0.0239774
0.0239707
0.0239715
0.0239797
0.0239938
0.0240119
0.0240325
0.0240549
0.0240783
0.0241009
0.0241201
0.024135
0.0241462
0.0241552
0.024164
0.0241738
0.0241834
0.0241922
0.0242016
0.0242116
0.0242209
0.0242296
0.0242385
0.0242481
0.024259
0.0242708
0.024281
0.0242878
0.0242911
0.0242921
0.0242915
0.0242888
0.0242835
0.0242767
0.0242697
0.0242635
0.0242584
0.0242542
0.0242489
0.0242404
0.0242273
0.024211
0.0241939
0.0241773
0.0241615
0.0241476
0.0241377
0.0241314
0.0241258
0.0241195
0.0241121
0.0241026
0.0240908
0.0240771
0.024062
0.0240462
0.0240309
0.0240179
0.0240082
0.0240015
0.0239997
0.0240043
0.024015
0.0240292
0.0240442
0.024059
0.0240738
0.0240897
0.0241061
0.024121
0.0241322
0.0241384
0.0241402
0.0241394
0.0241363
0.0241303
0.0241201
0.0241038
0.02408
0.0240489
0.0240133
0.0239754
0.0239366
0.0238972
0.0238567
0.0238153
0.0237742
0.0237358
0.023702
0.0236721
0.0236447
0.023619
0.0235962
0.0235772
0.0235623
0.023551
0.0235422
0.0235353
0.0235304
0.0235277
0.0235274
0.0235308
0.0235392
0.023553
0.023573
0.0236011
0.023639
0.023686
0.0237392
0.0237947
0.0238487
0.0238999
0.0239488
0.0239951
0.0240377
0.024076
0.0241099
0.0241395
0.0241663
0.024193
0.0242209
0.0242491
0.0242778
0.0243079
0.024339
0.0243688
0.0243959
0.0244202
0.0244419
0.0244607
0.0244765
0.0244896
0.0245009
0.0245105
0.0245179
0.0245219
0.0245219
0.024518
0.0245098
0.0244971
0.0244803
0.0244612
0.0244421
0.0244249
0.0244101
0.0243976
0.0243871
0.0243775
0.0243675
0.0243563
0.0243437
0.0243295
0.0243138
0.024298
0.0242833
0.0242698
0.0242564
0.0242417
0.024227
0.0242151
0.0242076
0.0242039
0.0242029
0.0242047
0.0242085
0.0242132
0.0242174
0.0242197
0.0242194
0.0242165
0.024211
0.0242032
0.0241939
0.0241844
0.0241765
0.0241726
0.0241752
0.024184
0.0241967
0.0242108
0.0242249
0.0242374
0.0242469
0.0242526
0.0242547
0.0242533
0.0242492
0.0242443
0.0242395
0.0242326
0.0242215
0.0242065
0.0241882
0.0241653
0.0241364
0.0241009
0.0240599
0.0240164
0.0239734
0.0239332
0.023897
0.0238639
0.023833
0.0238052
0.0237835
0.0237707
0.0237687
0.0237779
0.023797
0.0238236
0.0238558
0.0238914
0.0239275
0.023961
0.023991
0.024017
0.0240378
0.0240527
0.0240611
0.0240624
0.0240568
0.0240453
0.0240288
0.0240084
0.0239856
0.0239623
0.0239415
0.023925
0.023912
0.0238979
0.023878
0.0238513
0.0238202
0.0237882
0.0237574
0.0237279
0.0237001
0.0236752
0.0236551
0.0236399
0.0236275
0.0236171
0.0236102
0.0236077
0.0236085
0.023612
0.0236197
0.0236319
0.0236477
0.0236653
0.0236826
0.0236978
0.0237102
0.0237198
0.0237262
0.0237296
0.0237328
0.0237396
0.0237525
0.0237734
0.0238029
0.0238383
0.0238776
0.0239222
0.0239735
0.0240305
0.0240922
0.0241573
0.0242224
0.0242846
0.0243437
0.0243997
0.0244501
0.0244924
0.0245263
0.0245537
0.0245756
0.0245921
0.024602
0.0246029
0.0245914
0.0245648
0.0245232
0.0244697
0.0244087
0.0243439
0.0242771
0.0242079
0.024137
0.0240671
0.0240009
0.0239409
0.0238885
0.0238443
0.023808
0.0237786
0.0237557
0.0237384
0.0237257
0.023717
0.0237115
0.0237076
0.023705
0.0237048
0.0237075
0.0237131
0.0237223
0.0237355
0.0237524
0.0237722
0.0237951
0.0238204
0.0238482
0.0238788
0.0239108
0.0239425
0.0239738
0.0240064
0.0240421
0.0240808
0.0241202
0.0241577
0.024192
0.0242225
0.0242484
0.0242684
0.0242816
0.0242892
0.0242931
0.0242941
0.0242931
0.0242917
0.0242912
0.0242913
0.0242898
0.0242831
0.0242696
0.02425
0.0242255
0.0241981
0.0241691
0.0241377
0.0241026
0.0240642
0.0240248
0.0239871
0.0239529
0.0239235
0.0239017
0.0238893
0.0238865
0.0238931
0.0239093
0.0239348
0.0239675
0.0240043
0.0240437
0.0240842
0.024124
0.0241619
0.0241962
0.0242231
0.0242393
0.0242451
0.0242423
0.0242324
0.0242152
0.0241911
0.0241606
0.0241248
0.024086
0.0240465
0.0240076
0.0239689
0.0239301
0.0238922
0.023856
0.0238211
0.0237878
0.0237586
0.0237357
0.0237203
0.0237125
0.0237118
0.0237172
0.0237276
0.0237419
0.0237595
0.0237796
0.0238009
0.0238231
0.023846
0.0238687
0.0238901
0.02391
0.0239299
0.0239515
0.0239757
0.024002
0.0240283
0.0240505
0
0
0
0
0
0
0
0
0
0
0
0
0
0
0
0
0
0
0
0
0
0
0
0
0
0
0
0
0
0
0
0
0
0
0
0
0
0
0
0
0
0
0
0
0
0
0
0
0
0
0
0
0
0
0
0
0
0
0
0
0
0
0
0
0
0
0
0
0
0
0
0
0
0
0
0
0
0
0
0
0
0
0
0
0
0
0
0
0
0
0
0
0
0
0
0
0
0
0
0
0
0
0
0
0
0
0
0
0
0
0
0
0
0
0
0
0
0
0
0
0
0
0
0
0
0
0
0
0
0
0
0
0
0
0
0
0
0
0
0
0
0
0
0
0
0
0
0
0
0
0
0
0
0
0
0
0
0
0
0
0
0
0
0
0
0
0
0
0
0
0
0
0
0
0
0
0
0
0
0
0
0
0
0
0
0
0
0
0
0
0
0
0
0
0
0
0
0
0
0
0
0
0
0
0
0
0
0
0
0
0
0
0
0
0
0
0
0
0
0
0
0
0
0
0
0
0
0
0
0
0
0
0
0
0
0
0
0
0
0
0
0
0
0
0
0
0
0
0
0
0
0
0
0
0
0
0
0
0
0
0
0
0
0
0
0
0
0
0
0
0
0
0
0
0
0
0
0
0
0
0
0
0
0
0
0
0
0
0
0
0
0
0
0
0
0
0
0
0
0
0
0
0
0
0
0
0
0
